171 28.5953700729
3 0.33483695221
5 0.587309471544
6 0.717738719311
5 0.587309471544
4 0.459479341999
3 0.33483695221
9 1.12115784565
6 0.717738719311
5 0.587309471544
5 0.587309471544
14 1.82280763604
3 0.33483695221
4 0.459479341999
4 0.459479341999
4 0.459479341999
7 0.850369830827
10 1.25892541179
10 1.25892541179
5 0.587309471544
3 0.33483695221
4 0.459479341999
8 0.984915530676
9 1.12115784565
22 2.99684960642
8 0.984915530676
3 0.33483695221
11 1.39807977673
6 0.717738719311
3 0.33483695221
4 0.459479341999
3 0.33483695221
10 1.25892541179
3 0.33483695221
5 0.587309471544
6 0.717738719311
5 0.587309471544
5 0.587309471544
8 0.984915530676
3 0.33483695221
7 0.850369830827
8 0.984915530676
15 1.96652913456
5 0.587309471544
19 2.55052133683
27 3.75405075985
6 0.717738719311
4 0.459479341999
9 1.12115784565
30 4.21534747945
7 0.850369830827
9 1.12115784565
43 6.26347431949
6 0.717738719311
7 0.850369830827
4 0.459479341999
13 1.68010988702
5 0.587309471544
3 0.33483695221
24 3.29786114476
5 0.587309471544
14 1.82280763604
4 0.459479341999
5 0.587309471544
7 0.850369830827
5 0.587309471544
4 0.459479341999
5 0.587309471544
4 0.459479341999
3 0.33483695221
10 1.25892541179
23 3.14702809165
4 0.459479341999
9 1.12115784565
10 1.25892541179
10 1.25892541179
8 0.984915530676
5 0.587309471544
7 0.850369830827
5 0.587309471544
5 0.587309471544
3 0.33483695221
9 1.12115784565
4 0.459479341999
5 0.587309471544
12 1.53850662478
15 1.96652913456
5 0.587309471544
4 0.459479341999
5 0.587309471544
6 0.717738719311
3 0.33483695221
5 0.587309471544
6 0.717738719311
4 0.459479341999
4 0.459479341999
50 7.39378818314
3 0.33483695221
4 0.459479341999
78 12.0587991861
4 0.459479341999
7 0.850369830827
5 0.587309471544
6 0.717738719311
4 0.459479341999
4 0.459479341999
4 0.459479341999
5 0.587309471544
6 0.717738719311
4 0.459479341999
6 0.717738719311
15 1.96652913456
7 0.850369830827
3 0.33483695221
4 0.459479341999
9 1.12115784565
4 0.459479341999
6 0.717738719311
8 0.984915530676
5 0.587309471544
10 1.25892541179
4 0.459479341999
8 0.984915530676
9 1.12115784565
10 1.25892541179
12 1.53850662478
5 0.587309471544
8 0.984915530676
3 0.33483695221
9 1.12115784565
7 0.850369830827
6 0.717738719311
7 0.850369830827
4 0.459479341999
15 1.96652913456
3 0.33483695221
10 1.25892541179
3 0.33483695221
7 0.850369830827
9 1.12115784565
6 0.717738719311
6 0.717738719311
9 1.12115784565
6 0.717738719311
4 0.459479341999
8 0.984915530676
4 0.459479341999
5 0.587309471544
7 0.850369830827
5 0.587309471544
14 1.82280763604
6 0.717738719311
15 1.96652913456
4 0.459479341999
4 0.459479341999
6 0.717738719311
3 0.33483695221
10 1.25892541179
4 0.459479341999
10 1.25892541179
4 0.459479341999
8 0.984915530676
4 0.459479341999
15 1.96652913456
20 2.69856569535
8 0.984915530676
5 0.587309471544
6 0.717738719311
9 1.12115784565
11 1.39807977673
13 1.68010988702
5 0.587309471544
4 0.459479341999
5 0.587309471544
6 0.717738719311
4 0.459479341999
6 0.717738719311
6 0.717738719311
6 0.717738719311
4 0.459479341999
5 0.587309471544
3 0.33483695221
4 0.459479341999
5 0.587309471544
3 0.33483695221
6 0.717738719311
8 0.984915530676
11 1.39807977673
44 6.42388775874
15 1.96652913456
5 0.587309471544
5 0.587309471544
5 0.587309471544
11 1.39807977673
7 0.850369830827
7 0.850369830827
5 0.587309471544
5 0.587309471544
4 0.459479341999
4 0.459479341999
43 6.26347431949
12 1.53850662478
7 0.850369830827
4 0.459479341999
11 1.39807977673
6 0.717738719311
4 0.459479341999
12 1.53850662478
5 0.587309471544
3 0.33483695221
4 0.459479341999
4 0.459479341999
11 1.39807977673
4 0.459479341999
6 0.717738719311
5 0.587309471544
5 0.587309471544
9 1.12115784565
7 0.850369830827
5 0.587309471544
14 1.82280763604
4 0.459479341999
4 0.459479341999
12 1.53850662478
4 0.459479341999
18 2.40325445257
4 0.459479341999
39 5.62562873946
5 0.587309471544
5 0.587309471544
48 7.06912011617
4 0.459479341999
5 0.587309471544
4 0.459479341999
13 1.68010988702
33 4.68128771387
4 0.459479341999
6 0.717738719311
6 0.717738719311
10 1.25892541179
4 0.459479341999
3 0.33483695221
5 0.587309471544
6 0.717738719311
3 0.33483695221
4 0.459479341999
4 0.459479341999
4 0.459479341999
5 0.587309471544
5 0.587309471544
17 2.25680384731
17 2.25680384731
4 0.459479341999
3 0.33483695221
4 0.459479341999
4 0.459479341999
7 0.850369830827
3 0.33483695221
5 0.587309471544
4 0.459479341999
31 4.3701652889
7 0.850369830827
10 1.25892541179
4 0.459479341999
5 0.587309471544
4 0.459479341999
4 0.459479341999
22 2.99684960642
8 0.984915530676
5 0.587309471544
7 0.850369830827
9 1.12115784565
5 0.587309471544
9 1.12115784565
6 0.717738719311
5 0.587309471544
9 1.12115784565
4 0.459479341999
6 0.717738719311
7 0.850369830827
4 0.459479341999
6 0.717738719311
4 0.459479341999
4 0.459479341999
4 0.459479341999
6 0.717738719311
5 0.587309471544
5 0.587309471544
5 0.587309471544
13 1.68010988702
7 0.850369830827
3 0.33483695221
7 0.850369830827
5 0.587309471544
13 1.68010988702
6 0.717738719311
4 0.459479341999
4 0.459479341999
3 0.33483695221
4 0.459479341999
4 0.459479341999
7 0.850369830827
3 0.33483695221
3 0.33483695221
4 0.459479341999
3 0.33483695221
4 0.459479341999
5 0.587309471544
5 0.587309471544
5 0.587309471544
7 0.850369830827
7 0.850369830827
4 0.459479341999
4 0.459479341999
8 0.984915530676
27 3.75405075985
9 1.12115784565
4 0.459479341999
14 1.82280763604
9 1.12115784565
4 0.459479341999
6 0.717738719311
5 0.587309471544
5 0.587309471544
34 4.83756494739
3 0.33483695221
9 1.12115784565
4 0.459479341999
4 0.459479341999
9 1.12115784565
6 0.717738719311
6 0.717738719311
4 0.459479341999
4 0.459479341999
3 0.33483695221
7 0.850369830827
5 0.587309471544
4 0.459479341999
4 0.459479341999
4 0.459479341999
12 1.53850662478
3 0.33483695221
5 0.587309471544
5 0.587309471544
11 1.39807977673
6 0.717738719311
4 0.459479341999
5 0.587309471544
7 0.850369830827
19 2.55052133683
5 0.587309471544
9 1.12115784565
12 1.53850662478
4 0.459479341999
5 0.587309471544
4 0.459479341999
6 0.717738719311
5 0.587309471544
4 0.459479341999
5 0.587309471544
3 0.33483695221
4 0.459479341999
4 0.459479341999
15 1.96652913456
3 0.33483695221
4 0.459479341999
4 0.459479341999
4 0.459479341999
3 0.33483695221
4 0.459479341999
3 0.33483695221
11 1.39807977673
4 0.459479341999
4 0.459479341999
6 0.717738719311
4 0.459479341999
9 1.12115784565
4 0.459479341999
5 0.587309471544
4 0.459479341999
5 0.587309471544
4 0.459479341999
4 0.459479341999
4 0.459479341999
34 4.83756494739
5 0.587309471544
5 0.587309471544
3 0.33483695221
3 0.33483695221
5 0.587309471544
4 0.459479341999
17 2.25680384731
5 0.587309471544
3 0.33483695221
4 0.459479341999
5 0.587309471544
7 0.850369830827
5 0.587309471544
8 0.984915530676
4 0.459479341999
6 0.717738719311
4 0.459479341999
5 0.587309471544
4 0.459479341999
5 0.587309471544
5 0.587309471544
9 1.12115784565
7 0.850369830827
19 2.55052133683
3 0.33483695221
3 0.33483695221
13 1.68010988702
4 0.459479341999
5 0.587309471544
6 0.717738719311
4 0.459479341999
3 0.33483695221
4 0.459479341999
4 0.459479341999
5 0.587309471544
4 0.459479341999
12 1.53850662478
28 3.90727370324
5 0.587309471544
8 0.984915530676
3 0.33483695221
5 0.587309471544
3 0.33483695221
4 0.459479341999
6 0.717738719311
4 0.459479341999
4 0.459479341999
5 0.587309471544
4 0.459479341999
5 0.587309471544
3 0.33483695221
6 0.717738719311
4 0.459479341999
4 0.459479341999
12 1.53850662478
14 1.82280763604
16 2.11121265724
3 0.33483695221
4 0.459479341999
9 1.12115784565
7 0.850369830827
3 0.33483695221
5 0.587309471544
13 1.68010988702
4 0.459479341999
4 0.459479341999
12 1.53850662478
3 0.33483695221
4 0.459479341999
4 0.459479341999
4 0.459479341999
14 1.82280763604
5 0.587309471544
6 0.717738719311
8 0.984915530676
3 0.33483695221
4 0.459479341999
5 0.587309471544
5 0.587309471544
4 0.459479341999
5 0.587309471544
4 0.459479341999
5 0.587309471544
4 0.459479341999
3 0.33483695221
6 0.717738719311
12 1.53850662478
5 0.587309471544
6 0.717738719311
4 0.459479341999
4 0.459479341999
9 1.12115784565
18 2.40325445257
4 0.459479341999
6 0.717738719311
4 0.459479341999
11 1.39807977673
6 0.717738719311
4 0.459479341999
4 0.459479341999
6 0.717738719311
9 1.12115784565
4 0.459479341999
7 0.850369830827
4 0.459479341999
11 1.39807977673
4 0.459479341999
4 0.459479341999
10 1.25892541179
35 4.9943025596
9 1.12115784565
6 0.717738719311
4 0.459479341999
5 0.587309471544
8 0.984915530676
7 0.850369830827
8 0.984915530676
3 0.33483695221
5 0.587309471544
93 14.6329282599
4 0.459479341999
5 0.587309471544
5 0.587309471544
5 0.587309471544
5 0.587309471544
4 0.459479341999
4 0.459479341999
4 0.459479341999
5 0.587309471544
4 0.459479341999
6 0.717738719311
8 0.984915530676
5 0.587309471544
4 0.459479341999
7 0.850369830827
7 0.850369830827
5 0.587309471544
13 1.68010988702
8 0.984915530676
4 0.459479341999
13 1.68010988702
4 0.459479341999
8 0.984915530676
7 0.850369830827
8 0.984915530676
5 0.587309471544
5 0.587309471544
9 1.12115784565
4 0.459479341999
9 1.12115784565
9 1.12115784565
5 0.587309471544
4 0.459479341999
58 8.70504043819
12 1.53850662478
4 0.459479341999
16 2.11121265724
5 0.587309471544
36 5.15148869198
8 0.984915530676
9 1.12115784565
4 0.459479341999
10 1.25892541179
3 0.33483695221
4 0.459479341999
8 0.984915530676
4 0.459479341999
3 0.33483695221
4 0.459479341999
6 0.717738719311
3 0.33483695221
4 0.459479341999
5 0.587309471544
4 0.459479341999
5 0.587309471544
9 1.12115784565
4 0.459479341999
4 0.459479341999
5 0.587309471544
11 1.39807977673
8 0.984915530676
14 1.82280763604
5 0.587309471544
15 1.96652913456
11 1.39807977673
4 0.459479341999
5 0.587309471544
10 1.25892541179
91 14.2871476039
5 0.587309471544
5 0.587309471544
5 0.587309471544
6 0.717738719311
7 0.850369830827
11 1.39807977673
6 0.717738719311
6 0.717738719311
4 0.459479341999
7 0.850369830827
5 0.587309471544
5 0.587309471544
6 0.717738719311
4 0.459479341999
3 0.33483695221
6 0.717738719311
4 0.459479341999
3 0.33483695221
4 0.459479341999
8 0.984915530676
4 0.459479341999
9 1.12115784565
23 3.14702809165
7 0.850369830827
5 0.587309471544
6 0.717738719311
6 0.717738719311
7 0.850369830827
15 1.96652913456
6 0.717738719311
10 1.25892541179
9 1.12115784565
5 0.587309471544
4 0.459479341999
33 4.68128771387
4 0.459479341999
6 0.717738719311
5 0.587309471544
3 0.33483695221
5 0.587309471544
10 1.25892541179
4 0.459479341999
5 0.587309471544
8 0.984915530676
5 0.587309471544
6 0.717738719311
3 0.33483695221
6 0.717738719311
5 0.587309471544
16 2.11121265724
13 1.68010988702
3 0.33483695221
12 1.53850662478
7 0.850369830827
10 1.25892541179
4 0.459479341999
9 1.12115784565
5 0.587309471544
26 3.6013943821
3 0.33483695221
6 0.717738719311
4 0.459479341999
4 0.459479341999
27 3.75405075985
7 0.850369830827
4 0.459479341999
16 2.11121265724
4 0.459479341999
3 0.33483695221
5 0.587309471544
9 1.12115784565
18 2.40325445257
7 0.850369830827
8 0.984915530676
4 0.459479341999
4 0.459479341999
4 0.459479341999
7 0.850369830827
4 0.459479341999
4 0.459479341999
4 0.459479341999
4 0.459479341999
8 0.984915530676
4 0.459479341999
5 0.587309471544
8 0.984915530676
14 1.82280763604
36 5.15148869198
8 0.984915530676
17 2.25680384731
4 0.459479341999
14 1.82280763604
5 0.587309471544
5 0.587309471544
14 1.82280763604
13 1.68010988702
4 0.459479341999
5 0.587309471544
4 0.459479341999
5 0.587309471544
3 0.33483695221
6 0.717738719311
9 1.12115784565
4 0.459479341999
9 1.12115784565
5 0.587309471544
3 0.33483695221
27 3.75405075985
4 0.459479341999
4 0.459479341999
5 0.587309471544
17 2.25680384731
4 0.459479341999
4 0.459479341999
3 0.33483695221
3 0.33483695221
5 0.587309471544
4 0.459479341999
12 1.53850662478
26 3.6013943821
4 0.459479341999
6 0.717738719311
4 0.459479341999
18 2.40325445257
6 0.717738719311
6 0.717738719311
8 0.984915530676
5 0.587309471544
4 0.459479341999
8 0.984915530676
5 0.587309471544
5 0.587309471544
4 0.459479341999
6 0.717738719311
4 0.459479341999
3 0.33483695221
18 2.40325445257
5 0.587309471544
10 1.25892541179
5 0.587309471544
4 0.459479341999
5 0.587309471544
49 7.23128849181
6 0.717738719311
7 0.850369830827
4 0.459479341999
7 0.850369830827
8 0.984915530676
4 0.459479341999
6 0.717738719311
5 0.587309471544
4 0.459479341999
7 0.850369830827
8 0.984915530676
4 0.459479341999
7 0.850369830827
11 1.39807977673
8 0.984915530676
13 1.68010988702
41 5.94377337723
67 10.2019286764
3 0.33483695221
9 1.12115784565
3 0.33483695221
3 0.33483695221
5 0.587309471544
8 0.984915530676
59 8.8702776263
21 2.84735242406
5 0.587309471544
6 0.717738719311
5 0.587309471544
7 0.850369830827
6 0.717738719311
9 1.12115784565
7 0.850369830827
7 0.850369830827
6 0.717738719311
8 0.984915530676
7 0.850369830827
88 13.7699048523
4 0.459479341999
8 0.984915530676
5 0.587309471544
3 0.33483695221
4 0.459479341999
30 4.21534747945
10 1.25892541179
4 0.459479341999
4 0.459479341999
9 1.12115784565
4 0.459479341999
10 1.25892541179
15 1.96652913456
11 1.39807977673
5 0.587309471544
9 1.12115784565
4 0.459479341999
10 1.25892541179
5 0.587309471544
4 0.459479341999
7 0.850369830827
4 0.459479341999
4 0.459479341999
4 0.459479341999
5 0.587309471544
4 0.459479341999
13 1.68010988702
5 0.587309471544
10 1.25892541179
6 0.717738719311
3 0.33483695221
4 0.459479341999
4 0.459479341999
5 0.587309471544
4 0.459479341999
10 1.25892541179
13 1.68010988702
3 0.33483695221
4 0.459479341999
6 0.717738719311
4 0.459479341999
6 0.717738719311
16 2.11121265724
4 0.459479341999
6 0.717738719311
3 0.33483695221
19 2.55052133683
4 0.459479341999
4 0.459479341999
18 2.40325445257
44 6.42388775874
6 0.717738719311
5 0.587309471544
5 0.587309471544
13 1.68010988702
17 2.25680384731
4 0.459479341999
6 0.717738719311
7 0.850369830827
5 0.587309471544
6 0.717738719311
5 0.587309471544
18 2.40325445257
4 0.459479341999
7 0.850369830827
10 1.25892541179
13 1.68010988702
10 1.25892541179
4 0.459479341999
6 0.717738719311
5 0.587309471544
4 0.459479341999
5 0.587309471544
4 0.459479341999
19 2.55052133683
10 1.25892541179
3 0.33483695221
14 1.82280763604
4 0.459479341999
4 0.459479341999
17 2.25680384731
15 1.96652913456
3 0.33483695221
6 0.717738719311
5 0.587309471544
3 0.33483695221
6 0.717738719311
4 0.459479341999
3 0.33483695221
10 1.25892541179
5 0.587309471544
7 0.850369830827
5 0.587309471544
19 2.55052133683
5 0.587309471544
4 0.459479341999
9 1.12115784565
5 0.587309471544
7 0.850369830827
4 0.459479341999
5 0.587309471544
18 2.40325445257
5 0.587309471544
8 0.984915530676
6 0.717738719311
9 1.12115784565
6 0.717738719311
5 0.587309471544
4 0.459479341999
35 4.9943025596
5 0.587309471544
4 0.459479341999
12 1.53850662478
7 0.850369830827
4 0.459479341999
13 1.68010988702
9 1.12115784565
4 0.459479341999
6 0.717738719311
18 2.40325445257
8 0.984915530676
4 0.459479341999
6 0.717738719311
6 0.717738719311
4 0.459479341999
4 0.459479341999
4 0.459479341999
5 0.587309471544
4 0.459479341999
4 0.459479341999
4 0.459479341999
6 0.717738719311
7 0.850369830827
4 0.459479341999
13 1.68010988702
25 3.44932415365
4 0.459479341999
5 0.587309471544
7 0.850369830827
6 0.717738719311
4 0.459479341999
4 0.459479341999
16 2.11121265724
6 0.717738719311
8 0.984915530676
8 0.984915530676
4 0.459479341999
5 0.587309471544
4 0.459479341999
32 4.52548339959
4 0.459479341999
18 2.40325445257
20 2.69856569535
10 1.25892541179
4 0.459479341999
4 0.459479341999
4 0.459479341999
7 0.850369830827
15 1.96652913456
3 0.33483695221
7 0.850369830827
5 0.587309471544
4 0.459479341999
6 0.717738719311
3 0.33483695221
6 0.717738719311
7 0.850369830827
4 0.459479341999
3 0.33483695221
3 0.33483695221
12 1.53850662478
3 0.33483695221
4 0.459479341999
4 0.459479341999
5 0.587309471544
6 0.717738719311
9 1.12115784565
14 1.82280763604
7 0.850369830827
11 1.39807977673
4 0.459479341999
8 0.984915530676
5 0.587309471544
4 0.459479341999
3 0.33483695221
5 0.587309471544
8 0.984915530676
6 0.717738719311
4 0.459479341999
4 0.459479341999
65 9.86744449879
7 0.850369830827
4 0.459479341999
7 0.850369830827
4 0.459479341999
8 0.984915530676
5 0.587309471544
4 0.459479341999
42 6.10343353319
4 0.459479341999
12 1.53850662478
46 6.74580238897
10 1.25892541179
8 0.984915530676
12 1.53850662478
4 0.459479341999
5 0.587309471544
17 2.25680384731
9 1.12115784565
8 0.984915530676
5 0.587309471544
10 1.25892541179
4 0.459479341999
4 0.459479341999
11 1.39807977673
4 0.459479341999
4 0.459479341999
4 0.459479341999
3 0.33483695221
4 0.459479341999
6 0.717738719311
3 0.33483695221
8 0.984915530676
5 0.587309471544
7 0.850369830827
9 1.12115784565
4 0.459479341999
4 0.459479341999
5 0.587309471544
8 0.984915530676
4 0.459479341999
3 0.33483695221
4 0.459479341999
3 0.33483695221
4 0.459479341999
5 0.587309471544
5 0.587309471544
19 2.55052133683
4 0.459479341999
4 0.459479341999
4 0.459479341999
6 0.717738719311
5 0.587309471544
3 0.33483695221
4 0.459479341999
4 0.459479341999
10 1.25892541179
64 9.70058602567
8 0.984915530676
6 0.717738719311
97 15.3267088563
8 0.984915530676
6 0.717738719311
9 1.12115784565
13 1.68010988702
5 0.587309471544
10 1.25892541179
6 0.717738719311
5 0.587309471544
4 0.459479341999
4 0.459479341999
3 0.33483695221
7 0.850369830827
5 0.587309471544
75 11.5496118679
5 0.587309471544
4 0.459479341999
5 0.587309471544
20 2.69856569535
3 0.33483695221
5 0.587309471544
8 0.984915530676
4 0.459479341999
6 0.717738719311
6 0.717738719311
4 0.459479341999
4 0.459479341999
6 0.717738719311
8 0.984915530676
5 0.587309471544
4 0.459479341999
5 0.587309471544
9 1.12115784565
4 0.459479341999
5 0.587309471544
5 0.587309471544
15 1.96652913456
3 0.33483695221
6 0.717738719311
3 0.33483695221
15 1.96652913456
5 0.587309471544
4 0.459479341999
4 0.459479341999
4 0.459479341999
9 1.12115784565
31 4.3701652889
22 2.99684960642
40 5.78450219837
9 1.12115784565
9 1.12115784565
3 0.33483695221
11 1.39807977673
13 1.68010988702
6 0.717738719311
6 0.717738719311
6 0.717738719311
3 0.33483695221
8 0.984915530676
28 3.90727370324
9 1.12115784565
4 0.459479341999
6 0.717738719311
5 0.587309471544
5 0.587309471544
4 0.459479341999
8 0.984915530676
4 0.459479341999
53 7.88321654769
3 0.33483695221
5 0.587309471544
22 2.99684960642
4 0.459479341999
17 2.25680384731
5 0.587309471544
4 0.459479341999
4 0.459479341999
4 0.459479341999
12 1.53850662478
7 0.850369830827
9 1.12115784565
8 0.984915530676
5 0.587309471544
19 2.55052133683
4 0.459479341999
3 0.33483695221
3 0.33483695221
6 0.717738719311
6 0.717738719311
6 0.717738719311
76 11.719118656
5 0.587309471544
24 3.29786114476
3 0.33483695221
4 0.459479341999
9 1.12115784565
4 0.459479341999
3 0.33483695221
3 0.33483695221
6 0.717738719311
9 1.12115784565
8 0.984915530676
7 0.850369830827
35 4.9943025596
8 0.984915530676
5 0.587309471544
34 4.83756494739
6 0.717738719311
3 0.33483695221
11 1.39807977673
4 0.459479341999
4 0.459479341999
4 0.459479341999
3 0.33483695221
5 0.587309471544
5 0.587309471544
4 0.459479341999
5 0.587309471544
4 0.459479341999
6 0.717738719311
3 0.33483695221
9 1.12115784565
5 0.587309471544
13 1.68010988702
14 1.82280763604
6 0.717738719311
4 0.459479341999
5 0.587309471544
33 4.68128771387
3 0.33483695221
4 0.459479341999
16 2.11121265724
8 0.984915530676
23 3.14702809165
4 0.459479341999
5 0.587309471544
4 0.459479341999
7 0.850369830827
4 0.459479341999
6 0.717738719311
7 0.850369830827
6 0.717738719311
35 4.9943025596
5 0.587309471544
12 1.53850662478
4 0.459479341999
5 0.587309471544
17 2.25680384731
4 0.459479341999
4 0.459479341999
3 0.33483695221
12 1.53850662478
4 0.459479341999
6 0.717738719311
3 0.33483695221
3 0.33483695221
25 3.44932415365
4 0.459479341999
14 1.82280763604
5 0.587309471544
12 1.53850662478
4 0.459479341999
5 0.587309471544
4 0.459479341999
4 0.459479341999
6 0.717738719311
4 0.459479341999
6 0.717738719311
8 0.984915530676
4 0.459479341999
7 0.850369830827
5 0.587309471544
6 0.717738719311
32 4.52548339959
5 0.587309471544
4 0.459479341999
6 0.717738719311
4 0.459479341999
4 0.459479341999
9 1.12115784565
6 0.717738719311
4 0.459479341999
11 1.39807977673
6 0.717738719311
5 0.587309471544
9 1.12115784565
8 0.984915530676
3 0.33483695221
7 0.850369830827
13 1.68010988702
5 0.587309471544
34 4.83756494739
3 0.33483695221
60 9.03579512769
4 0.459479341999
15 1.96652913456
4 0.459479341999
5 0.587309471544
18 2.40325445257
4 0.459479341999
15 1.96652913456
8 0.984915530676
3 0.33483695221
27 3.75405075985
5 0.587309471544
9 1.12115784565
5 0.587309471544
5 0.587309471544
7 0.850369830827
11 1.39807977673
4 0.459479341999
4 0.459479341999
6 0.717738719311
4 0.459479341999
19 2.55052133683
4 0.459479341999
5 0.587309471544
4 0.459479341999
7 0.850369830827
13 1.68010988702
9 1.12115784565
4 0.459479341999
20 2.69856569535
4 0.459479341999
5 0.587309471544
5 0.587309471544
4 0.459479341999
6 0.717738719311
4 0.459479341999
5 0.587309471544
4 0.459479341999
4 0.459479341999
6 0.717738719311
4 0.459479341999
6 0.717738719311
5 0.587309471544
5 0.587309471544
5 0.587309471544
4 0.459479341999
6 0.717738719311
7 0.850369830827
10 1.25892541179
21 2.84735242406
6 0.717738719311
3 0.33483695221
3 0.33483695221
4 0.459479341999
4 0.459479341999
3 0.33483695221
6 0.717738719311
5 0.587309471544
7 0.850369830827
6 0.717738719311
16 2.11121265724
5 0.587309471544
6 0.717738719311
4 0.459479341999
3 0.33483695221
15 1.96652913456
5 0.587309471544
6 0.717738719311
3 0.33483695221
4 0.459479341999
3 0.33483695221
6 0.717738719311
4 0.459479341999
9 1.12115784565
10 1.25892541179
4 0.459479341999
4 0.459479341999
4 0.459479341999
5 0.587309471544
5 0.587309471544
5 0.587309471544
21 2.84735242406
5 0.587309471544
7 0.850369830827
4 0.459479341999
4 0.459479341999
5 0.587309471544
7 0.850369830827
7 0.850369830827
11 1.39807977673
5 0.587309471544
6 0.717738719311
33 4.68128771387
6 0.717738719311
8 0.984915530676
6 0.717738719311
9 1.12115784565
12 1.53850662478
5 0.587309471544
5 0.587309471544
4 0.459479341999
6 0.717738719311
16 2.11121265724
5 0.587309471544
5 0.587309471544
4 0.459479341999
26 3.6013943821
4 0.459479341999
5 0.587309471544
8 0.984915530676
3 0.33483695221
12 1.53850662478
5 0.587309471544
10 1.25892541179
5 0.587309471544
5 0.587309471544
4 0.459479341999
13 1.68010988702
21 2.84735242406
9 1.12115784565
4 0.459479341999
13 1.68010988702
6 0.717738719311
6 0.717738719311
17 2.25680384731
10 1.25892541179
7 0.850369830827
4 0.459479341999
5 0.587309471544
5 0.587309471544
4 0.459479341999
8 0.984915530676
19 2.55052133683
5 0.587309471544
5 0.587309471544
103 16.3727242385
6 0.717738719311
6 0.717738719311
4 0.459479341999
12 1.53850662478
5 0.587309471544
4 0.459479341999
11 1.39807977673
9 1.12115784565
4 0.459479341999
5 0.587309471544
13 1.68010988702
4 0.459479341999
15 1.96652913456
5 0.587309471544
9 1.12115784565
4 0.459479341999
4 0.459479341999
4 0.459479341999
23 3.14702809165
4 0.459479341999
3 0.33483695221
5 0.587309471544
8 0.984915530676
18 2.40325445257
7 0.850369830827
5 0.587309471544
8 0.984915530676
3 0.33483695221
14 1.82280763604
5 0.587309471544
64 9.70058602567
4 0.459479341999
3 0.33483695221
11 1.39807977673
4 0.459479341999
11 1.39807977673
4 0.459479341999
15 1.96652913456
7 0.850369830827
4 0.459479341999
5 0.587309471544
21 2.84735242406
5 0.587309471544
5 0.587309471544
19 2.55052133683
9 1.12115784565
4 0.459479341999
5 0.587309471544
5 0.587309471544
7 0.850369830827
5 0.587309471544
6 0.717738719311
4 0.459479341999
37 5.309112113
3 0.33483695221
4 0.459479341999
9 1.12115784565
4 0.459479341999
3 0.33483695221
24 3.29786114476
4 0.459479341999
6 0.717738719311
4 0.459479341999
6 0.717738719311
3 0.33483695221
4 0.459479341999
4 0.459479341999
4 0.459479341999
16 2.11121265724
17 2.25680384731
5 0.587309471544
6 0.717738719311
4 0.459479341999
3 0.33483695221
4 0.459479341999
4 0.459479341999
6 0.717738719311
4 0.459479341999
4 0.459479341999
5 0.587309471544
16 2.11121265724
4 0.459479341999
7 0.850369830827
30 4.21534747945
4 0.459479341999
4 0.459479341999
4 0.459479341999
4 0.459479341999
5 0.587309471544
4 0.459479341999
5 0.587309471544
11 1.39807977673
7 0.850369830827
6 0.717738719311
5 0.587309471544
4 0.459479341999
4 0.459479341999
4 0.459479341999
4 0.459479341999
17 2.25680384731
3 0.33483695221
5 0.587309471544
8 0.984915530676
7 0.850369830827
5 0.587309471544
3 0.33483695221
5 0.587309471544
3 0.33483695221
7 0.850369830827
7 0.850369830827
9 1.12115784565
4 0.459479341999
3 0.33483695221
5 0.587309471544
5 0.587309471544
5 0.587309471544
5 0.587309471544
8 0.984915530676
4 0.459479341999
14 1.82280763604
4 0.459479341999
16 2.11121265724
6 0.717738719311
15 1.96652913456
4 0.459479341999
11 1.39807977673
6 0.717738719311
6 0.717738719311
10 1.25892541179
4 0.459479341999
3 0.33483695221
71 10.8738711768
4 0.459479341999
5 0.587309471544
9 1.12115784565
13 1.68010988702
5 0.587309471544
4 0.459479341999
4 0.459479341999
11 1.39807977673
22 2.99684960642
4 0.459479341999
10 1.25892541179
5 0.587309471544
14 1.82280763604
5 0.587309471544
17 2.25680384731
3 0.33483695221
4 0.459479341999
4 0.459479341999
5 0.587309471544
5 0.587309471544
4 0.459479341999
7 0.850369830827
4 0.459479341999
6 0.717738719311
5 0.587309471544
4 0.459479341999
4 0.459479341999
25 3.44932415365
3 0.33483695221
6 0.717738719311
14 1.82280763604
3 0.33483695221
11 1.39807977673
3 0.33483695221
13 1.68010988702
5 0.587309471544
3 0.33483695221
5 0.587309471544
4 0.459479341999
4 0.459479341999
36 5.15148869198
3 0.33483695221
5 0.587309471544
12 1.53850662478
10 1.25892541179
4 0.459479341999
3 0.33483695221
20 2.69856569535
13 1.68010988702
10 1.25892541179
4 0.459479341999
5 0.587309471544
3 0.33483695221
3 0.33483695221
3 0.33483695221
36 5.15148869198
14 1.82280763604
13 1.68010988702
17 2.25680384731
4 0.459479341999
5 0.587309471544
4 0.459479341999
4 0.459479341999
5 0.587309471544
4 0.459479341999
6 0.717738719311
4 0.459479341999
4 0.459479341999
4 0.459479341999
9 1.12115784565
4 0.459479341999
4 0.459479341999
19 2.55052133683
9 1.12115784565
4 0.459479341999
6 0.717738719311
7 0.850369830827
28 3.90727370324
3 0.33483695221
4 0.459479341999
4 0.459479341999
4 0.459479341999
7 0.850369830827
8 0.984915530676
11 1.39807977673
4 0.459479341999
4 0.459479341999
29 4.06104496075
18 2.40325445257
29 4.06104496075
5 0.587309471544
3 0.33483695221
3 0.33483695221
5 0.587309471544
4 0.459479341999
12 1.53850662478
32 4.52548339959
4 0.459479341999
16 2.11121265724
4 0.459479341999
4 0.459479341999
3 0.33483695221
20 2.69856569535
6 0.717738719311
22 2.99684960642
5 0.587309471544
4 0.459479341999
11 1.39807977673
13 1.68010988702
50 7.39378818314
9 1.12115784565
6 0.717738719311
7 0.850369830827
4 0.459479341999
23 3.14702809165
4 0.459479341999
5 0.587309471544
4 0.459479341999
4 0.459479341999
5 0.587309471544
4 0.459479341999
6 0.717738719311
8 0.984915530676
5 0.587309471544
4 0.459479341999
4 0.459479341999
4 0.459479341999
7 0.850369830827
6 0.717738719311
5 0.587309471544
9 1.12115784565
4 0.459479341999
4 0.459479341999
8 0.984915530676
7 0.850369830827
5 0.587309471544
4 0.459479341999
4 0.459479341999
4 0.459479341999
5 0.587309471544
3 0.33483695221
11 1.39807977673
4 0.459479341999
5 0.587309471544
6 0.717738719311
5 0.587309471544
3 0.33483695221
73 11.2112786315
5 0.587309471544
4 0.459479341999
12 1.53850662478
9 1.12115784565
10 1.25892541179
14 1.82280763604
4 0.459479341999
5 0.587309471544
4 0.459479341999
5 0.587309471544
11 1.39807977673
6 0.717738719311
4 0.459479341999
8 0.984915530676
5 0.587309471544
12 1.53850662478
7 0.850369830827
4 0.459479341999
107 17.0734841395
12 1.53850662478
4 0.459479341999
8 0.984915530676
5 0.587309471544
18 2.40325445257
4 0.459479341999
16 2.11121265724
6 0.717738719311
5 0.587309471544
4 0.459479341999
4 0.459479341999
4 0.459479341999
3 0.33483695221
6 0.717738719311
4 0.459479341999
5 0.587309471544
10 1.25892541179
4 0.459479341999
5 0.587309471544
4 0.459479341999
5 0.587309471544
37 5.309112113
19 2.55052133683
11 1.39807977673
5 0.587309471544
4 0.459479341999
6 0.717738719311
5 0.587309471544
16 2.11121265724
23 3.14702809165
6 0.717738719311
6 0.717738719311
11 1.39807977673
3 0.33483695221
7 0.850369830827
7 0.850369830827
5 0.587309471544
4 0.459479341999
4 0.459479341999
7 0.850369830827
4 0.459479341999
4 0.459479341999
12 1.53850662478
26 3.6013943821
3 0.33483695221
9 1.12115784565
5 0.587309471544
4 0.459479341999
5 0.587309471544
5 0.587309471544
4 0.459479341999
3 0.33483695221
8 0.984915530676
5 0.587309471544
7 0.850369830827
50 7.39378818314
6 0.717738719311
5 0.587309471544
13 1.68010988702
25 3.44932415365
6 0.717738719311
6 0.717738719311
4 0.459479341999
12 1.53850662478
12 1.53850662478
4 0.459479341999
6 0.717738719311
3 0.33483695221
4 0.459479341999
4 0.459479341999
4 0.459479341999
3 0.33483695221
65 9.86744449879
10 1.25892541179
4 0.459479341999
12 1.53850662478
8 0.984915530676
7 0.850369830827
8 0.984915530676
3 0.33483695221
5 0.587309471544
4 0.459479341999
5 0.587309471544
4 0.459479341999
11 1.39807977673
4 0.459479341999
7 0.850369830827
7 0.850369830827
9 1.12115784565
9 1.12115784565
3 0.33483695221
10 1.25892541179
3 0.33483695221
5 0.587309471544
5 0.587309471544
15 1.96652913456
8 0.984915530676
5 0.587309471544
12 1.53850662478
5 0.587309471544
8 0.984915530676
10 1.25892541179
5 0.587309471544
3 0.33483695221
8 0.984915530676
3 0.33483695221
4 0.459479341999
460 84.9246205042
5 0.587309471544
82 12.7407571461
5 0.587309471544
6 0.717738719311
5 0.587309471544
5 0.587309471544
14 1.82280763604
5 0.587309471544
4 0.459479341999
5 0.587309471544
9 1.12115784565
5 0.587309471544
5 0.587309471544
5 0.587309471544
3 0.33483695221
6 0.717738719311
10 1.25892541179
8 0.984915530676
4 0.459479341999
13 1.68010988702
11 1.39807977673
4 0.459479341999
4 0.459479341999
4 0.459479341999
6 0.717738719311
9 1.12115784565
5 0.587309471544
11 1.39807977673
4 0.459479341999
4 0.459479341999
4 0.459479341999
5 0.587309471544
4 0.459479341999
3 0.33483695221
4 0.459479341999
7 0.850369830827
6 0.717738719311
16 2.11121265724
6 0.717738719311
59 8.8702776263
4 0.459479341999
4 0.459479341999
6 0.717738719311
15 1.96652913456
4 0.459479341999
6 0.717738719311
4 0.459479341999
27 3.75405075985
24 3.29786114476
38 5.46716216889
4 0.459479341999
10 1.25892541179
3 0.33483695221
4 0.459479341999
3 0.33483695221
8 0.984915530676
11 1.39807977673
5 0.587309471544
6 0.717738719311
7 0.850369830827
11 1.39807977673
5 0.587309471544
31 4.3701652889
9 1.12115784565
11 1.39807977673
9 1.12115784565
5 0.587309471544
19 2.55052133683
8 0.984915530676
8 0.984915530676
4 0.459479341999
5 0.587309471544
5 0.587309471544
4 0.459479341999
6 0.717738719311
11 1.39807977673
44 6.42388775874
7 0.850369830827
18 2.40325445257
4 0.459479341999
4 0.459479341999
7 0.850369830827
5 0.587309471544
4 0.459479341999
6 0.717738719311
8 0.984915530676
4 0.459479341999
15 1.96652913456
4 0.459479341999
5 0.587309471544
10 1.25892541179
6 0.717738719311
5 0.587309471544
4 0.459479341999
11 1.39807977673
7 0.850369830827
4 0.459479341999
4 0.459479341999
28 3.90727370324
4 0.459479341999
6 0.717738719311
10 1.25892541179
4 0.459479341999
6 0.717738719311
3 0.33483695221
5 0.587309471544
7 0.850369830827
4 0.459479341999
8 0.984915530676
4 0.459479341999
7 0.850369830827
4 0.459479341999
3 0.33483695221
8 0.984915530676
13 1.68010988702
4 0.459479341999
9 1.12115784565
3 0.33483695221
9 1.12115784565
10 1.25892541179
5 0.587309471544
6 0.717738719311
9 1.12115784565
3 0.33483695221
3 0.33483695221
15 1.96652913456
14 1.82280763604
6 0.717738719311
5 0.587309471544
6 0.717738719311
7 0.850369830827
5 0.587309471544
6 0.717738719311
7 0.850369830827
9 1.12115784565
6 0.717738719311
25 3.44932415365
5 0.587309471544
9 1.12115784565
10 1.25892541179
7 0.850369830827
7 0.850369830827
4 0.459479341999
5 0.587309471544
11 1.39807977673
4 0.459479341999
4 0.459479341999
5 0.587309471544
8 0.984915530676
4 0.459479341999
6 0.717738719311
3 0.33483695221
28 3.90727370324
4 0.459479341999
4 0.459479341999
7 0.850369830827
6 0.717738719311
15 1.96652913456
5 0.587309471544
5 0.587309471544
11 1.39807977673
4 0.459479341999
8 0.984915530676
7 0.850369830827
3 0.33483695221
5 0.587309471544
5 0.587309471544
8 0.984915530676
3 0.33483695221
19 2.55052133683
5 0.587309471544
5 0.587309471544
4 0.459479341999
4 0.459479341999
7 0.850369830827
4 0.459479341999
4 0.459479341999
3 0.33483695221
9 1.12115784565
5 0.587309471544
3 0.33483695221
7 0.850369830827
12 1.53850662478
3 0.33483695221
4 0.459479341999
8 0.984915530676
3 0.33483695221
5 0.587309471544
12 1.53850662478
3 0.33483695221
4 0.459479341999
6 0.717738719311
4 0.459479341999
4 0.459479341999
4 0.459479341999
3 0.33483695221
28 3.90727370324
7 0.850369830827
3 0.33483695221
5 0.587309471544
4 0.459479341999
5 0.587309471544
6 0.717738719311
10 1.25892541179
9 1.12115784565
38 5.46716216889
10 1.25892541179
50 7.39378818314
4 0.459479341999
4 0.459479341999
37 5.309112113
7 0.850369830827
4 0.459479341999
5 0.587309471544
4 0.459479341999
5 0.587309471544
4 0.459479341999
11 1.39807977673
3 0.33483695221
21 2.84735242406
13 1.68010988702
23 3.14702809165
4 0.459479341999
4 0.459479341999
5 0.587309471544
4 0.459479341999
9 1.12115784565
45 6.58466621848
4 0.459479341999
5 0.587309471544
5 0.587309471544
4 0.459479341999
6 0.717738719311
6 0.717738719311
14 1.82280763604
4 0.459479341999
4 0.459479341999
8 0.984915530676
5 0.587309471544
5 0.587309471544
3 0.33483695221
6 0.717738719311
28 3.90727370324
4 0.459479341999
4 0.459479341999
4 0.459479341999
23 3.14702809165
21 2.84735242406
7 0.850369830827
7 0.850369830827
12 1.53850662478
4 0.459479341999
3 0.33483695221
8 0.984915530676
6 0.717738719311
4 0.459479341999
3 0.33483695221
7 0.850369830827
15 1.96652913456
4 0.459479341999
9 1.12115784565
34 4.83756494739
5 0.587309471544
5 0.587309471544
18 2.40325445257
24 3.29786114476
4 0.459479341999
10 1.25892541179
26 3.6013943821
8 0.984915530676
602 114.171088177
6 0.717738719311
3 0.33483695221
4 0.459479341999
9 1.12115784565
9 1.12115784565
8 0.984915530676
4 0.459479341999
4 0.459479341999
6 0.717738719311
8 0.984915530676
5 0.587309471544
7 0.850369830827
4 0.459479341999
6 0.717738719311
15 1.96652913456
6 0.717738719311
6 0.717738719311
15 1.96652913456
10 1.25892541179
7 0.850369830827
6 0.717738719311
3 0.33483695221
10 1.25892541179
5 0.587309471544
7 0.850369830827
3 0.33483695221
6 0.717738719311
8 0.984915530676
5 0.587309471544
6 0.717738719311
7 0.850369830827
5 0.587309471544
5 0.587309471544
7 0.850369830827
4 0.459479341999
4 0.459479341999
5 0.587309471544
56 8.375424532
5 0.587309471544
4 0.459479341999
11 1.39807977673
4 0.459479341999
7 0.850369830827
6 0.717738719311
80 12.3993519004
4 0.459479341999
19 2.55052133683
3 0.33483695221
8 0.984915530676
6 0.717738719311
10 1.25892541179
50 7.39378818314
4 0.459479341999
4 0.459479341999
6 0.717738719311
10 1.25892541179
7 0.850369830827
5 0.587309471544
5 0.587309471544
3 0.33483695221
6 0.717738719311
5 0.587309471544
31 4.3701652889
5 0.587309471544
3 0.33483695221
3 0.33483695221
3 0.33483695221
3 0.33483695221
5 0.587309471544
11 1.39807977673
51 7.5566132197
5 0.587309471544
5 0.587309471544
5 0.587309471544
4 0.459479341999
12 1.53850662478
13 1.68010988702
28 3.90727370324
4 0.459479341999
9 1.12115784565
27 3.75405075985
11 1.39807977673
4 0.459479341999
4 0.459479341999
3 0.33483695221
8 0.984915530676
4 0.459479341999
10 1.25892541179
5 0.587309471544
10 1.25892541179
5 0.587309471544
12 1.53850662478
9 1.12115784565
10 1.25892541179
5 0.587309471544
4 0.459479341999
22 2.99684960642
5 0.587309471544
9 1.12115784565
4 0.459479341999
5 0.587309471544
20 2.69856569535
5 0.587309471544
4 0.459479341999
13 1.68010988702
6 0.717738719311
3 0.33483695221
5 0.587309471544
3 0.33483695221
16 2.11121265724
6 0.717738719311
4 0.459479341999
16 2.11121265724
16 2.11121265724
9 1.12115784565
23 3.14702809165
4 0.459479341999
52 7.71975785371
4 0.459479341999
6 0.717738719311
14 1.82280763604
3 0.33483695221
7 0.850369830827
4 0.459479341999
7 0.850369830827
14 1.82280763604
5 0.587309471544
4 0.459479341999
3 0.33483695221
7 0.850369830827
10 1.25892541179
18 2.40325445257
12 1.53850662478
29 4.06104496075
5 0.587309471544
181 30.4401250601
5 0.587309471544
29 4.06104496075
12 1.53850662478
7 0.850369830827
8 0.984915530676
5 0.587309471544
4 0.459479341999
8 0.984915530676
4 0.459479341999
81 12.5699491487
3 0.33483695221
3 0.33483695221
4 0.459479341999
4 0.459479341999
4 0.459479341999
30 4.21534747945
8 0.984915530676
34 4.83756494739
4 0.459479341999
7 0.850369830827
6 0.717738719311
14 1.82280763604
8 0.984915530676
4 0.459479341999
47 6.90728926279
5 0.587309471544
9 1.12115784565
14 1.82280763604
6 0.717738719311
4 0.459479341999
7 0.850369830827
8 0.984915530676
9 1.12115784565
5 0.587309471544
13 1.68010988702
5 0.587309471544
4 0.459479341999
4 0.459479341999
151 24.9387477255
6 0.717738719311
5 0.587309471544
6 0.717738719311
21 2.84735242406
3 0.33483695221
5 0.587309471544
5 0.587309471544
23 3.14702809165
5 0.587309471544
3 0.33483695221
4 0.459479341999
7 0.850369830827
4 0.459479341999
4 0.459479341999
4 0.459479341999
6 0.717738719311
8 0.984915530676
3 0.33483695221
8 0.984915530676
18 2.40325445257
22 2.99684960642
39 5.62562873946
7 0.850369830827
3 0.33483695221
9 1.12115784565
11 1.39807977673
4 0.459479341999
5 0.587309471544
10 1.25892541179
6 0.717738719311
9 1.12115784565
4 0.459479341999
15 1.96652913456
6 0.717738719311
3 0.33483695221
3 0.33483695221
9 1.12115784565
3 0.33483695221
35 4.9943025596
4 0.459479341999
11 1.39807977673
4 0.459479341999
5 0.587309471544
6 0.717738719311
4 0.459479341999
4 0.459479341999
3 0.33483695221
5 0.587309471544
13 1.68010988702
4 0.459479341999
10 1.25892541179
3 0.33483695221
6 0.717738719311
5 0.587309471544
4 0.459479341999
5 0.587309471544
8 0.984915530676
3 0.33483695221
4 0.459479341999
4 0.459479341999
4 0.459479341999
4 0.459479341999
7 0.850369830827
9 1.12115784565
7 0.850369830827
5 0.587309471544
3 0.33483695221
5 0.587309471544
19 2.55052133683
12 1.53850662478
5 0.587309471544
4 0.459479341999
5 0.587309471544
4 0.459479341999
20 2.69856569535
6 0.717738719311
7 0.850369830827
8 0.984915530676
8 0.984915530676
10 1.25892541179
65 9.86744449879
6 0.717738719311
6 0.717738719311
6 0.717738719311
3 0.33483695221
9 1.12115784565
10 1.25892541179
43 6.26347431949
4 0.459479341999
4 0.459479341999
4 0.459479341999
8 0.984915530676
7 0.850369830827
30 4.21534747945
8 0.984915530676
3 0.33483695221
4 0.459479341999
5 0.587309471544
9 1.12115784565
4 0.459479341999
4 0.459479341999
5 0.587309471544
4 0.459479341999
4 0.459479341999
4 0.459479341999
9 1.12115784565
4 0.459479341999
10 1.25892541179
4 0.459479341999
4 0.459479341999
5 0.587309471544
4 0.459479341999
31 4.3701652889
3 0.33483695221
4 0.459479341999
11 1.39807977673
4 0.459479341999
4 0.459479341999
5 0.587309471544
6 0.717738719311
14 1.82280763604
33 4.68128771387
6 0.717738719311
15 1.96652913456
4 0.459479341999
7 0.850369830827
4 0.459479341999
4 0.459479341999
4 0.459479341999
11 1.39807977673
4 0.459479341999
6 0.717738719311
4 0.459479341999
4 0.459479341999
11 1.39807977673
6 0.717738719311
11 1.39807977673
4 0.459479341999
3 0.33483695221
8 0.984915530676
32 4.52548339959
13 1.68010988702
9 1.12115784565
12 1.53850662478
6 0.717738719311
16 2.11121265724
10 1.25892541179
5 0.587309471544
14 1.82280763604
10 1.25892541179
6 0.717738719311
7 0.850369830827
6 0.717738719311
12 1.53850662478
3 0.33483695221
4 0.459479341999
5 0.587309471544
4 0.459479341999
5 0.587309471544
20 2.69856569535
11 1.39807977673
10 1.25892541179
4 0.459479341999
9 1.12115784565
9 1.12115784565
4 0.459479341999
4 0.459479341999
12 1.53850662478
4 0.459479341999
4 0.459479341999
8 0.984915530676
6 0.717738719311
9 1.12115784565
4 0.459479341999
6 0.717738719311
6 0.717738719311
13 1.68010988702
4 0.459479341999
19 2.55052133683
4 0.459479341999
248 43.0424366466
149 24.5756433208
10 1.25892541179
6 0.717738719311
5 0.587309471544
70 10.7055218945
6 0.717738719311
4 0.459479341999
4 0.459479341999
3 0.33483695221
4 0.459479341999
5 0.587309471544
4 0.459479341999
7 0.850369830827
4 0.459479341999
9 1.12115784565
4 0.459479341999
15 1.96652913456
14 1.82280763604
21 2.84735242406
9 1.12115784565
3 0.33483695221
4 0.459479341999
4 0.459479341999
6 0.717738719311
4 0.459479341999
4 0.459479341999
22 2.99684960642
4 0.459479341999
4 0.459479341999
5 0.587309471544
10 1.25892541179
13 1.68010988702
4 0.459479341999
3 0.33483695221
3 0.33483695221
4 0.459479341999
14 1.82280763604
4 0.459479341999
7 0.850369830827
40 5.78450219837
4 0.459479341999
6 0.717738719311
29 4.06104496075
17 2.25680384731
6 0.717738719311
10 1.25892541179
8 0.984915530676
5 0.587309471544
8 0.984915530676
22 2.99684960642
4 0.459479341999
6 0.717738719311
6 0.717738719311
23 3.14702809165
4 0.459479341999
8 0.984915530676
7 0.850369830827
10 1.25892541179
4 0.459479341999
8 0.984915530676
4 0.459479341999
14 1.82280763604
5 0.587309471544
6 0.717738719311
6 0.717738719311
10 1.25892541179
24 3.29786114476
4 0.459479341999
3 0.33483695221
5 0.587309471544
5 0.587309471544
5 0.587309471544
16 2.11121265724
4 0.459479341999
5 0.587309471544
10 1.25892541179
10 1.25892541179
4 0.459479341999
6 0.717738719311
4 0.459479341999
8 0.984915530676
17 2.25680384731
9 1.12115784565
9 1.12115784565
4 0.459479341999
8 0.984915530676
4 0.459479341999
3 0.33483695221
5 0.587309471544
7 0.850369830827
7 0.850369830827
7 0.850369830827
5 0.587309471544
10 1.25892541179
9 1.12115784565
33 4.68128771387
6 0.717738719311
3 0.33483695221
5 0.587309471544
8 0.984915530676
15 1.96652913456
6 0.717738719311
8 0.984915530676
4 0.459479341999
4 0.459479341999
4 0.459479341999
4 0.459479341999
6 0.717738719311
4 0.459479341999
7 0.850369830827
5 0.587309471544
11 1.39807977673
63 9.5339880754
8 0.984915530676
14 1.82280763604
4 0.459479341999
4 0.459479341999
5 0.587309471544
3 0.33483695221
4 0.459479341999
3 0.33483695221
5 0.587309471544
32 4.52548339959
5 0.587309471544
4 0.459479341999
4 0.459479341999
3 0.33483695221
5 0.587309471544
3 0.33483695221
7 0.850369830827
4 0.459479341999
99 15.6746811053
6 0.717738719311
10 1.25892541179
4 0.459479341999
5 0.587309471544
5 0.587309471544
11 1.39807977673
7 0.850369830827
10 1.25892541179
4 0.459479341999
8 0.984915530676
8 0.984915530676
12 1.53850662478
6 0.717738719311
11 1.39807977673
12 1.53850662478
3 0.33483695221
6 0.717738719311
7 0.850369830827
11 1.39807977673
4 0.459479341999
3 0.33483695221
4 0.459479341999
8 0.984915530676
4 0.459479341999
4 0.459479341999
3 0.33483695221
16 2.11121265724
3 0.33483695221
3 0.33483695221
4 0.459479341999
5 0.587309471544
19 2.55052133683
3 0.33483695221
8 0.984915530676
26 3.6013943821
7 0.850369830827
5 0.587309471544
4 0.459479341999
10 1.25892541179
3 0.33483695221
7 0.850369830827
9 1.12115784565
7 0.850369830827
6 0.717738719311
295 52.0959806515
3 0.33483695221
13 1.68010988702
9 1.12115784565
4 0.459479341999
7 0.850369830827
4 0.459479341999
7 0.850369830827
7 0.850369830827
3 0.33483695221
3 0.33483695221
5 0.587309471544
23 3.14702809165
13 1.68010988702
8 0.984915530676
9 1.12115784565
4 0.459479341999
6 0.717738719311
5 0.587309471544
14 1.82280763604
48 7.06912011617
4 0.459479341999
9 1.12115784565
7 0.850369830827
4 0.459479341999
14 1.82280763604
5 0.587309471544
5 0.587309471544
8 0.984915530676
4 0.459479341999
7 0.850369830827
11 1.39807977673
8 0.984915530676
5 0.587309471544
3 0.33483695221
4 0.459479341999
31 4.3701652889
4 0.459479341999
3 0.33483695221
6 0.717738719311
4 0.459479341999
3 0.33483695221
4 0.459479341999
4 0.459479341999
6 0.717738719311
4 0.459479341999
25 3.44932415365
8 0.984915530676
8 0.984915530676
7 0.850369830827
3 0.33483695221
5 0.587309471544
4 0.459479341999
4 0.459479341999
4 0.459479341999
8 0.984915530676
4 0.459479341999
4 0.459479341999
11 1.39807977673
4 0.459479341999
5 0.587309471544
28 3.90727370324
8 0.984915530676
4 0.459479341999
5 0.587309471544
5 0.587309471544
15 1.96652913456
4 0.459479341999
4 0.459479341999
4 0.459479341999
11 1.39807977673
23 3.14702809165
7 0.850369830827
3 0.33483695221
4 0.459479341999
6 0.717738719311
7 0.850369830827
5 0.587309471544
4 0.459479341999
4 0.459479341999
3 0.33483695221
3 0.33483695221
6 0.717738719311
5 0.587309471544
11 1.39807977673
5 0.587309471544
4 0.459479341999
5 0.587309471544
3 0.33483695221
5 0.587309471544
8 0.984915530676
5 0.587309471544
13 1.68010988702
4 0.459479341999
4 0.459479341999
4 0.459479341999
6 0.717738719311
4 0.459479341999
4 0.459479341999
15 1.96652913456
8 0.984915530676
3 0.33483695221
6 0.717738719311
3 0.33483695221
5 0.587309471544
18 2.40325445257
4 0.459479341999
5 0.587309471544
5 0.587309471544
3 0.33483695221
4 0.459479341999
8 0.984915530676
7 0.850369830827
6 0.717738719311
4 0.459479341999
64 9.70058602567
4 0.459479341999
5 0.587309471544
18 2.40325445257
10 1.25892541179
4 0.459479341999
62 9.36765436709
6 0.717738719311
4 0.459479341999
24 3.29786114476
3 0.33483695221
11 1.39807977673
6 0.717738719311
15 1.96652913456
4 0.459479341999
3 0.33483695221
4 0.459479341999
4 0.459479341999
6 0.717738719311
3 0.33483695221
5 0.587309471544
3 0.33483695221
17 2.25680384731
9 1.12115784565
4 0.459479341999
4 0.459479341999
5 0.587309471544
3 0.33483695221
5 0.587309471544
6 0.717738719311
4 0.459479341999
11 1.39807977673
4 0.459479341999
6 0.717738719311
4 0.459479341999
7 0.850369830827
7 0.850369830827
5 0.587309471544
8 0.984915530676
3 0.33483695221
4 0.459479341999
8 0.984915530676
5 0.587309471544
5 0.587309471544
13 1.68010988702
3 0.33483695221
16 2.11121265724
7 0.850369830827
5 0.587309471544
3 0.33483695221
6 0.717738719311
4 0.459479341999
8 0.984915530676
6 0.717738719311
5 0.587309471544
4 0.459479341999
5 0.587309471544
6 0.717738719311
4 0.459479341999
12 1.53850662478
7 0.850369830827
4 0.459479341999
4 0.459479341999
3 0.33483695221
5 0.587309471544
5 0.587309471544
6 0.717738719311
5 0.587309471544
3 0.33483695221
5 0.587309471544
11 1.39807977673
3 0.33483695221
4 0.459479341999
9 1.12115784565
189 31.9233150957
4 0.459479341999
5 0.587309471544
7 0.850369830827
4 0.459479341999
13 1.68010988702
7 0.850369830827
13 1.68010988702
6 0.717738719311
4 0.459479341999
14 1.82280763604
3 0.33483695221
129 20.9724265139
3 0.33483695221
4 0.459479341999
8 0.984915530676
13 1.68010988702
5 0.587309471544
8 0.984915530676
7 0.850369830827
5 0.587309471544
7 0.850369830827
5 0.587309471544
12 1.53850662478
5 0.587309471544
4 0.459479341999
5 0.587309471544
4 0.459479341999
8 0.984915530676
8 0.984915530676
27 3.75405075985
6 0.717738719311
7 0.850369830827
3 0.33483695221
4 0.459479341999
7 0.850369830827
4 0.459479341999
11 1.39807977673
8 0.984915530676
20 2.69856569535
4 0.459479341999
7 0.850369830827
4 0.459479341999
5 0.587309471544
12 1.53850662478
3 0.33483695221
11 1.39807977673
10 1.25892541179
5 0.587309471544
3 0.33483695221
3 0.33483695221
3 0.33483695221
13 1.68010988702
6 0.717738719311
8 0.984915530676
5 0.587309471544
5 0.587309471544
4 0.459479341999
5 0.587309471544
33 4.68128771387
3 0.33483695221
7 0.850369830827
4 0.459479341999
5 0.587309471544
4 0.459479341999
4 0.459479341999
5 0.587309471544
11 1.39807977673
7 0.850369830827
4 0.459479341999
4 0.459479341999
4 0.459479341999
30 4.21534747945
8 0.984915530676
5 0.587309471544
4 0.459479341999
11 1.39807977673
3 0.33483695221
4 0.459479341999
3 0.33483695221
6 0.717738719311
4 0.459479341999
4 0.459479341999
35 4.9943025596
3 0.33483695221
4 0.459479341999
5 0.587309471544
8 0.984915530676
9 1.12115784565
12 1.53850662478
4 0.459479341999
9 1.12115784565
4 0.459479341999
8 0.984915530676
4 0.459479341999
5 0.587309471544
7 0.850369830827
10 1.25892541179
4 0.459479341999
4 0.459479341999
14 1.82280763604
4 0.459479341999
4 0.459479341999
73 11.2112786315
4 0.459479341999
13 1.68010988702
5 0.587309471544
5 0.587309471544
6 0.717738719311
10 1.25892541179
4 0.459479341999
8 0.984915530676
5 0.587309471544
32 4.52548339959
17 2.25680384731
4 0.459479341999
4 0.459479341999
4 0.459479341999
6 0.717738719311
12 1.53850662478
13 1.68010988702
6 0.717738719311
5 0.587309471544
4 0.459479341999
6 0.717738719311
7 0.850369830827
4 0.459479341999
4 0.459479341999
11 1.39807977673
4 0.459479341999
3 0.33483695221
10 1.25892541179
3 0.33483695221
3 0.33483695221
5 0.587309471544
6 0.717738719311
5 0.587309471544
8 0.984915530676
4 0.459479341999
6 0.717738719311
6 0.717738719311
6 0.717738719311
8 0.984915530676
3 0.33483695221
7 0.850369830827
5 0.587309471544
4 0.459479341999
4 0.459479341999
4 0.459479341999
11 1.39807977673
3 0.33483695221
4 0.459479341999
9 1.12115784565
4 0.459479341999
4 0.459479341999
9 1.12115784565
9 1.12115784565
26 3.6013943821
16 2.11121265724
15 1.96652913456
4 0.459479341999
4 0.459479341999
4 0.459479341999
13 1.68010988702
8 0.984915530676
4 0.459479341999
4 0.459479341999
6 0.717738719311
9 1.12115784565
4 0.459479341999
4 0.459479341999
3 0.33483695221
6 0.717738719311
12 1.53850662478
13 1.68010988702
40 5.78450219837
5 0.587309471544
6 0.717738719311
4 0.459479341999
6 0.717738719311
5 0.587309471544
5 0.587309471544
8 0.984915530676
12 1.53850662478
29 4.06104496075
4 0.459479341999
5 0.587309471544
4 0.459479341999
33 4.68128771387
5 0.587309471544
5 0.587309471544
4 0.459479341999
6 0.717738719311
6 0.717738719311
11 1.39807977673
5 0.587309471544
8 0.984915530676
6 0.717738719311
3 0.33483695221
11 1.39807977673
6 0.717738719311
11 1.39807977673
5 0.587309471544
7 0.850369830827
13 1.68010988702
21 2.84735242406
13 1.68010988702
8 0.984915530676
10 1.25892541179
4 0.459479341999
4 0.459479341999
4 0.459479341999
5 0.587309471544
4 0.459479341999
5 0.587309471544
4 0.459479341999
4 0.459479341999
13 1.68010988702
12 1.53850662478
7 0.850369830827
3 0.33483695221
4 0.459479341999
14 1.82280763604
7 0.850369830827
4 0.459479341999
6 0.717738719311
4 0.459479341999
98 15.5006062109
4 0.459479341999
21 2.84735242406
12 1.53850662478
6 0.717738719311
4 0.459479341999
5 0.587309471544
5 0.587309471544
4 0.459479341999
3 0.33483695221
12 1.53850662478
4 0.459479341999
7 0.850369830827
6 0.717738719311
6 0.717738719311
4 0.459479341999
3 0.33483695221
9 1.12115784565
5 0.587309471544
5 0.587309471544
4 0.459479341999
4 0.459479341999
6 0.717738719311
37 5.309112113
6 0.717738719311
8 0.984915530676
8 0.984915530676
8 0.984915530676
11 1.39807977673
5 0.587309471544
3 0.33483695221
8 0.984915530676
4 0.459479341999
6 0.717738719311
4 0.459479341999
4 0.459479341999
21 2.84735242406
4 0.459479341999
8 0.984915530676
5 0.587309471544
