2 0.214354692507
2 0.214354692507
5 0.587309471544
79 12.2289677707
2 0.214354692507
2 0.214354692507
3 0.33483695221
4 0.459479341999
5 0.587309471544
2 0.214354692507
17 2.25680384731
3 0.33483695221
2 0.214354692507
3 0.33483695221
3 0.33483695221
1 0.1
2 0.214354692507
11 1.39807977673
3 0.33483695221
2 0.214354692507
2 0.214354692507
5 0.587309471544
8 0.984915530676
1 0.1
4 0.459479341999
1 0.1
9 1.12115784565
1 0.1
10 1.25892541179
2 0.214354692507
8 0.984915530676
3 0.33483695221
1 0.1
16 2.11121265724
1 0.1
3 0.33483695221
1 0.1
2 0.214354692507
5 0.587309471544
2 0.214354692507
2 0.214354692507
8 0.984915530676
2 0.214354692507
1 0.1
2 0.214354692507
4 0.459479341999
2 0.214354692507
7 0.850369830827
2 0.214354692507
53 7.88321654769
23 3.14702809165
3 0.33483695221
2 0.214354692507
4 0.459479341999
2 0.214354692507
1 0.1
3 0.33483695221
2 0.214354692507
3 0.33483695221
3 0.33483695221
2 0.214354692507
6 0.717738719311
2 0.214354692507
23 3.14702809165
1 0.1
2 0.214354692507
1 0.1
2 0.214354692507
1 0.1
4 0.459479341999
2 0.214354692507
2 0.214354692507
6 0.717738719311
1 0.1
7 0.850369830827
128 20.7936613467
12 1.53850662478
17 2.25680384731
3 0.33483695221
29 4.06104496075
25 3.44932415365
7 0.850369830827
43 6.26347431949
11 1.39807977673
5 0.587309471544
1 0.1
6 0.717738719311
4 0.459479341999
2 0.214354692507
7 0.850369830827
2 0.214354692507
4 0.459479341999
1 0.1
1 0.1
4 0.459479341999
4 0.459479341999
2 0.214354692507
3 0.33483695221
14 1.82280763604
8 0.984915530676
1 0.1
13 1.68010988702
2 0.214354692507
1 0.1
1 0.1
15 1.96652913456
16 2.11121265724
3 0.33483695221
2 0.214354692507
1 0.1
2 0.214354692507
74 11.3803309447
3 0.33483695221
8 0.984915530676
1 0.1
2 0.214354692507
1 0.1
6 0.717738719311
2 0.214354692507
3 0.33483695221
3 0.33483695221
4 0.459479341999
3 0.33483695221
2 0.214354692507
2 0.214354692507
1 0.1
2 0.214354692507
10 1.25892541179
2 0.214354692507
2 0.214354692507
2 0.214354692507
10 1.25892541179
1 0.1
1 0.1
3 0.33483695221
2 0.214354692507
8 0.984915530676
1 0.1
2 0.214354692507
3 0.33483695221
2 0.214354692507
8 0.984915530676
1 0.1
46 6.74580238897
2 0.214354692507
4 0.459479341999
4 0.459479341999
3 0.33483695221
5 0.587309471544
2 0.214354692507
6 0.717738719311
2 0.214354692507
1 0.1
7 0.850369830827
2 0.214354692507
2 0.214354692507
20 2.69856569535
1 0.1
3 0.33483695221
7 0.850369830827
3 0.33483695221
6 0.717738719311
1 0.1
11 1.39807977673
7 0.850369830827
11 1.39807977673
7 0.850369830827
2 0.214354692507
37 5.309112113
2 0.214354692507
1 0.1
3 0.33483695221
2 0.214354692507
1 0.1
2 0.214354692507
9 1.12115784565
6 0.717738719311
15 1.96652913456
4 0.459479341999
21 2.84735242406
5 0.587309471544
3 0.33483695221
130 21.1513303137
12 1.53850662478
1 0.1
2 0.214354692507
6 0.717738719311
2 0.214354692507
4 0.459479341999
1 0.1
2 0.214354692507
32 4.52548339959
10 1.25892541179
1 0.1
3 0.33483695221
11 1.39807977673
12 1.53850662478
7 0.850369830827
1 0.1
42 6.10343353319
4 0.459479341999
2 0.214354692507
3 0.33483695221
12 1.53850662478
4 0.459479341999
24 3.29786114476
1 0.1
4 0.459479341999
98 15.5006062109
3 0.33483695221
5 0.587309471544
2 0.214354692507
15 1.96652913456
1 0.1
2 0.214354692507
2 0.214354692507
8 0.984915530676
2 0.214354692507
6 0.717738719311
8 0.984915530676
2 0.214354692507
7 0.850369830827
3 0.33483695221
2 0.214354692507
2 0.214354692507
2 0.214354692507
2 0.214354692507
2 0.214354692507
3 0.33483695221
3 0.33483695221
4 0.459479341999
17 2.25680384731
3 0.33483695221
5 0.587309471544
1 0.1
19 2.55052133683
1 0.1
1 0.1
2 0.214354692507
2 0.214354692507
2 0.214354692507
3 0.33483695221
3 0.33483695221
4 0.459479341999
2 0.214354692507
2 0.214354692507
8 0.984915530676
5 0.587309471544
1 0.1
2 0.214354692507
3 0.33483695221
15 1.96652913456
5 0.587309471544
27 3.75405075985
14 1.82280763604
2 0.214354692507
4 0.459479341999
3 0.33483695221
3 0.33483695221
3 0.33483695221
3 0.33483695221
3 0.33483695221
8 0.984915530676
5 0.587309471544
2 0.214354692507
4 0.459479341999
36 5.15148869198
2 0.214354692507
13 1.68010988702
12 1.53850662478
38 5.46716216889
4 0.459479341999
2 0.214354692507
15 1.96652913456
2 0.214354692507
6 0.717738719311
2 0.214354692507
2 0.214354692507
7 0.850369830827
11 1.39807977673
2 0.214354692507
1 0.1
8 0.984915530676
2 0.214354692507
1 0.1
2 0.214354692507
13 1.68010988702
3 0.33483695221
5 0.587309471544
15 1.96652913456
1 0.1
2 0.214354692507
3 0.33483695221
2 0.214354692507
2 0.214354692507
2 0.214354692507
1 0.1
2 0.214354692507
47 6.90728926279
16 2.11121265724
2 0.214354692507
3 0.33483695221
1 0.1
16 2.11121265724
1 0.1
18 2.40325445257
6 0.717738719311
12 1.53850662478
2 0.214354692507
10 1.25892541179
2 0.214354692507
2 0.214354692507
6 0.717738719311
2 0.214354692507
1 0.1
3 0.33483695221
4 0.459479341999
1 0.1
4 0.459479341999
4 0.459479341999
2 0.214354692507
3 0.33483695221
3 0.33483695221
4 0.459479341999
2 0.214354692507
2 0.214354692507
8 0.984915530676
1 0.1
3 0.33483695221
1 0.1
2 0.214354692507
4 0.459479341999
1 0.1
20 2.69856569535
11 1.39807977673
1 0.1
1 0.1
2 0.214354692507
4 0.459479341999
146 24.0319018368
17 2.25680384731
5 0.587309471544
1 0.1
2 0.214354692507
4 0.459479341999
3 0.33483695221
21 2.84735242406
17 2.25680384731
7 0.850369830827
4 0.459479341999
2 0.214354692507
2 0.214354692507
2 0.214354692507
3 0.33483695221
4 0.459479341999
4 0.459479341999
5 0.587309471544
88 13.7699048523
7 0.850369830827
5 0.587309471544
1 0.1
2 0.214354692507
35 4.9943025596
2 0.214354692507
519 96.9804273735
2 0.214354692507
1 0.1
16 2.11121265724
7 0.850369830827
1 0.1
2 0.214354692507
3 0.33483695221
2 0.214354692507
2 0.214354692507
2 0.214354692507
2 0.214354692507
3 0.33483695221
3 0.33483695221
1 0.1
4 0.459479341999
2 0.214354692507
2 0.214354692507
2 0.214354692507
3 0.33483695221
2 0.214354692507
8 0.984915530676
2 0.214354692507
6 0.717738719311
1 0.1
20 2.69856569535
2 0.214354692507
3 0.33483695221
5 0.587309471544
3 0.33483695221
7 0.850369830827
7 0.850369830827
5 0.587309471544
2 0.214354692507
13 1.68010988702
3 0.33483695221
2 0.214354692507
1 0.1
4 0.459479341999
3 0.33483695221
1 0.1
2 0.214354692507
1 0.1
2 0.214354692507
1 0.1
4 0.459479341999
2 0.214354692507
10 1.25892541179
4 0.459479341999
3 0.33483695221
2 0.214354692507
11 1.39807977673
1 0.1
1 0.1
2 0.214354692507
9 1.12115784565
5 0.587309471544
3 0.33483695221
2 0.214354692507
28 3.90727370324
23 3.14702809165
7 0.850369830827
2 0.214354692507
9 1.12115784565
2 0.214354692507
1 0.1
2 0.214354692507
2 0.214354692507
2 0.214354692507
6 0.717738719311
22 2.99684960642
3 0.33483695221
6 0.717738719311
2 0.214354692507
3 0.33483695221
1 0.1
1 0.1
2 0.214354692507
2 0.214354692507
2 0.214354692507
1 0.1
2 0.214354692507
2 0.214354692507
2 0.214354692507
1 0.1
134 21.8683128441
2 0.214354692507
2 0.214354692507
2 0.214354692507
5 0.587309471544
3 0.33483695221
2 0.214354692507
3 0.33483695221
1 0.1
2 0.214354692507
2 0.214354692507
2 0.214354692507
5 0.587309471544
3 0.33483695221
2 0.214354692507
2 0.214354692507
1 0.1
6 0.717738719311
1 0.1
1 0.1
3 0.33483695221
1 0.1
2 0.214354692507
2 0.214354692507
1 0.1
1 0.1
8 0.984915530676
1 0.1
19 2.55052133683
1 0.1
2 0.214354692507
3 0.33483695221
3 0.33483695221
2 0.214354692507
3 0.33483695221
19 2.55052133683
1 0.1
4 0.459479341999
2 0.214354692507
2 0.214354692507
2 0.214354692507
7 0.850369830827
17 2.25680384731
2 0.214354692507
4 0.459479341999
4 0.459479341999
6 0.717738719311
1 0.1
3 0.33483695221
2 0.214354692507
1 0.1
6 0.717738719311
8 0.984915530676
8 0.984915530676
8 0.984915530676
4 0.459479341999
7 0.850369830827
5 0.587309471544
1 0.1
2 0.214354692507
7 0.850369830827
15 1.96652913456
3 0.33483695221
5 0.587309471544
1 0.1
3 0.33483695221
10 1.25892541179
2 0.214354692507
2 0.214354692507
2 0.214354692507
1 0.1
2 0.214354692507
6 0.717738719311
1 0.1
2 0.214354692507
2 0.214354692507
1 0.1
5 0.587309471544
6 0.717738719311
4 0.459479341999
3 0.33483695221
1 0.1
1 0.1
3 0.33483695221
2 0.214354692507
1 0.1
2 0.214354692507
2 0.214354692507
1 0.1
1 0.1
1 0.1
7 0.850369830827
6 0.717738719311
2 0.214354692507
1 0.1
2 0.214354692507
6 0.717738719311
2 0.214354692507
1 0.1
2 0.214354692507
4 0.459479341999
2 0.214354692507
4 0.459479341999
7 0.850369830827
27 3.75405075985
2 0.214354692507
2 0.214354692507
3 0.33483695221
23 3.14702809165
6 0.717738719311
4 0.459479341999
7 0.850369830827
1 0.1
19 2.55052133683
251 43.6155239138
2 0.214354692507
13 1.68010988702
2 0.214354692507
4 0.459479341999
2 0.214354692507
374 67.6330172158
3 0.33483695221
6 0.717738719311
2 0.214354692507
17 2.25680384731
2 0.214354692507
3 0.33483695221
9 1.12115784565
11 1.39807977673
5 0.587309471544
2 0.214354692507
1 0.1
1 0.1
2 0.214354692507
6 0.717738719311
9 1.12115784565
1 0.1
2 0.214354692507
1 0.1
2 0.214354692507
3 0.33483695221
58 8.70504043819
3 0.33483695221
1 0.1
3 0.33483695221
6 0.717738719311
4 0.459479341999
6 0.717738719311
1 0.1
3 0.33483695221
2 0.214354692507
29 4.06104496075
1 0.1
2 0.214354692507
4 0.459479341999
8 0.984915530676
1 0.1
3 0.33483695221
3 0.33483695221
12 1.53850662478
4 0.459479341999
2 0.214354692507
5 0.587309471544
2 0.214354692507
2 0.214354692507
8 0.984915530676
5 0.587309471544
3 0.33483695221
27 3.75405075985
1 0.1
2 0.214354692507
2 0.214354692507
35 4.9943025596
3 0.33483695221
3 0.33483695221
1 0.1
1 0.1
2 0.214354692507
11 1.39807977673
2 0.214354692507
1 0.1
5 0.587309471544
2 0.214354692507
8 0.984915530676
2 0.214354692507
2 0.214354692507
5 0.587309471544
1 0.1
2 0.214354692507
15 1.96652913456
2 0.214354692507
7 0.850369830827
2 0.214354692507
10 1.25892541179
3 0.33483695221
3 0.33483695221
1 0.1
1 0.1
2 0.214354692507
1 0.1
2 0.214354692507
2 0.214354692507
20 2.69856569535
3 0.33483695221
4 0.459479341999
8 0.984915530676
1 0.1
2 0.214354692507
2 0.214354692507
1 0.1
2 0.214354692507
7 0.850369830827
1 0.1
1 0.1
1 0.1
2 0.214354692507
3 0.33483695221
2 0.214354692507
26 3.6013943821
2 0.214354692507
2 0.214354692507
5 0.587309471544
2 0.214354692507
6 0.717738719311
1 0.1
1 0.1
4 0.459479341999
4 0.459479341999
2 0.214354692507
2 0.214354692507
1 0.1
3 0.33483695221
9 1.12115784565
2 0.214354692507
1 0.1
1 0.1
2 0.214354692507
10 1.25892541179
1 0.1
1 0.1
2 0.214354692507
5 0.587309471544
19 2.55052133683
1 0.1
2 0.214354692507
2 0.214354692507
1 0.1
2 0.214354692507
1 0.1
5 0.587309471544
25 3.44932415365
2 0.214354692507
20 2.69856569535
27 3.75405075985
2 0.214354692507
1 0.1
2 0.214354692507
1 0.1
1 0.1
1 0.1
2 0.214354692507
36 5.15148869198
2 0.214354692507
1 0.1
122 19.724037236
1 0.1
4 0.459479341999
17 2.25680384731
2 0.214354692507
2 0.214354692507
3 0.33483695221
3 0.33483695221
3 0.33483695221
195 33.0398504208
3 0.33483695221
1 0.1
2 0.214354692507
2 0.214354692507
1 0.1
2 0.214354692507
11 1.39807977673
5 0.587309471544
6 0.717738719311
2 0.214354692507
7 0.850369830827
1 0.1
3 0.33483695221
3 0.33483695221
2 0.214354692507
3 0.33483695221
5 0.587309471544
13 1.68010988702
3 0.33483695221
2 0.214354692507
1 0.1
3 0.33483695221
6 0.717738719311
1 0.1
2 0.214354692507
2 0.214354692507
3 0.33483695221
1 0.1
1 0.1
2 0.214354692507
2 0.214354692507
1 0.1
3 0.33483695221
2 0.214354692507
1 0.1
4 0.459479341999
4 0.459479341999
1 0.1
5 0.587309471544
5 0.587309471544
1 0.1
2 0.214354692507
1 0.1
2 0.214354692507
3 0.33483695221
10 1.25892541179
1 0.1
1 0.1
3 0.33483695221
3 0.33483695221
3 0.33483695221
10 1.25892541179
2 0.214354692507
65 9.86744449879
2 0.214354692507
32 4.52548339959
1 0.1
2 0.214354692507
7 0.850369830827
14 1.82280763604
2 0.214354692507
1 0.1
10 1.25892541179
2 0.214354692507
4 0.459479341999
2 0.214354692507
4 0.459479341999
2 0.214354692507
5 0.587309471544
2 0.214354692507
5 0.587309471544
67 10.2019286764
2 0.214354692507
2 0.214354692507
10 1.25892541179
3 0.33483695221
1 0.1
1 0.1
3 0.33483695221
2 0.214354692507
8 0.984915530676
3 0.33483695221
2 0.214354692507
1 0.1
29 4.06104496075
2 0.214354692507
3 0.33483695221
5 0.587309471544
1 0.1
2 0.214354692507
2 0.214354692507
9 1.12115784565
3 0.33483695221
1 0.1
6 0.717738719311
21 2.84735242406
2 0.214354692507
7 0.850369830827
1 0.1
1 0.1
4 0.459479341999
2 0.214354692507
4 0.459479341999
15 1.96652913456
3 0.33483695221
1 0.1
1 0.1
2 0.214354692507
2 0.214354692507
2 0.214354692507
14 1.82280763604
1 0.1
3 0.33483695221
1 0.1
3 0.33483695221
3 0.33483695221
2 0.214354692507
2 0.214354692507
3 0.33483695221
4 0.459479341999
3 0.33483695221
3 0.33483695221
49 7.23128849181
6 0.717738719311
2 0.214354692507
2 0.214354692507
2 0.214354692507
3 0.33483695221
1 0.1
2 0.214354692507
3 0.33483695221
1 0.1
2 0.214354692507
2 0.214354692507
1 0.1
4 0.459479341999
5 0.587309471544
5 0.587309471544
7 0.850369830827
3 0.33483695221
8 0.984915530676
7 0.850369830827
2 0.214354692507
2 0.214354692507
1 0.1
14 1.82280763604
1 0.1
6 0.717738719311
5 0.587309471544
1 0.1
2 0.214354692507
1 0.1
10 1.25892541179
9 1.12115784565
2 0.214354692507
4 0.459479341999
1 0.1
8 0.984915530676
2 0.214354692507
12 1.53850662478
3 0.33483695221
1 0.1
8 0.984915530676
7 0.850369830827
4 0.459479341999
2 0.214354692507
3 0.33483695221
15 1.96652913456
1 0.1
1 0.1
71 10.8738711768
2 0.214354692507
2 0.214354692507
17 2.25680384731
1 0.1
18 2.40325445257
4 0.459479341999
16 2.11121265724
3 0.33483695221
2 0.214354692507
4 0.459479341999
2 0.214354692507
1 0.1
2 0.214354692507
2 0.214354692507
2 0.214354692507
1 0.1
1 0.1
1 0.1
3 0.33483695221
4 0.459479341999
2 0.214354692507
10 1.25892541179
2 0.214354692507
4 0.459479341999
3 0.33483695221
4 0.459479341999
3 0.33483695221
2 0.214354692507
2 0.214354692507
5 0.587309471544
2 0.214354692507
2 0.214354692507
162 26.944275846
1 0.1
1 0.1
2 0.214354692507
1 0.1
4 0.459479341999
1 0.1
1 0.1
8 0.984915530676
1 0.1
3 0.33483695221
14 1.82280763604
2 0.214354692507
6 0.717738719311
3 0.33483695221
15 1.96652913456
2 0.214354692507
8 0.984915530676
42 6.10343353319
6 0.717738719311
2 0.214354692507
3 0.33483695221
6 0.717738719311
5 0.587309471544
2 0.214354692507
1 0.1
10 1.25892541179
2 0.214354692507
6 0.717738719311
2 0.214354692507
2 0.214354692507
3 0.33483695221
4 0.459479341999
8 0.984915530676
5 0.587309471544
5 0.587309471544
4 0.459479341999
1 0.1
3 0.33483695221
2 0.214354692507
4 0.459479341999
2 0.214354692507
5 0.587309471544
2 0.214354692507
2 0.214354692507
2 0.214354692507
2 0.214354692507
15 1.96652913456
1 0.1
1 0.1
3 0.33483695221
5 0.587309471544
11 1.39807977673
3 0.33483695221
6 0.717738719311
1 0.1
7 0.850369830827
2 0.214354692507
8 0.984915530676
2 0.214354692507
2 0.214354692507
4 0.459479341999
6 0.717738719311
2 0.214354692507
2 0.214354692507
2 0.214354692507
2 0.214354692507
2 0.214354692507
2 0.214354692507
3 0.33483695221
7 0.850369830827
2 0.214354692507
1 0.1
1 0.1
4 0.459479341999
1 0.1
18 2.40325445257
1 0.1
2 0.214354692507
3 0.33483695221
1 0.1
2 0.214354692507
2 0.214354692507
18 2.40325445257
4 0.459479341999
2 0.214354692507
1 0.1
8 0.984915530676
5 0.587309471544
2 0.214354692507
1 0.1
58 8.70504043819
2 0.214354692507
3 0.33483695221
3 0.33483695221
4 0.459479341999
6 0.717738719311
1 0.1
4 0.459479341999
1 0.1
2 0.214354692507
1 0.1
14 1.82280763604
4 0.459479341999
5 0.587309471544
2 0.214354692507
1 0.1
2 0.214354692507
5 0.587309471544
1 0.1
1 0.1
19 2.55052133683
2 0.214354692507
100 15.8489319246
1 0.1
2 0.214354692507
3 0.33483695221
2 0.214354692507
2 0.214354692507
2 0.214354692507
2 0.214354692507
2 0.214354692507
2 0.214354692507
6 0.717738719311
5 0.587309471544
3 0.33483695221
1 0.1
1 0.1
1 0.1
4 0.459479341999
1 0.1
3 0.33483695221
3 0.33483695221
2 0.214354692507
2 0.214354692507
1 0.1
2 0.214354692507
2 0.214354692507
5 0.587309471544
3 0.33483695221
2 0.214354692507
20 2.69856569535
2 0.214354692507
2 0.214354692507
2 0.214354692507
5 0.587309471544
4 0.459479341999
33 4.68128771387
4 0.459479341999
1 0.1
1 0.1
2 0.214354692507
3 0.33483695221
4 0.459479341999
8 0.984915530676
2 0.214354692507
3 0.33483695221
3 0.33483695221
8 0.984915530676
2 0.214354692507
2 0.214354692507
2 0.214354692507
13 1.68010988702
2 0.214354692507
2 0.214354692507
2 0.214354692507
2 0.214354692507
11 1.39807977673
4 0.459479341999
2 0.214354692507
2 0.214354692507
26 3.6013943821
8 0.984915530676
3 0.33483695221
17 2.25680384731
10 1.25892541179
1 0.1
5 0.587309471544
2 0.214354692507
5 0.587309471544
7 0.850369830827
2 0.214354692507
17 2.25680384731
2 0.214354692507
6 0.717738719311
10 1.25892541179
1 0.1
4 0.459479341999
3 0.33483695221
2 0.214354692507
1 0.1
5 0.587309471544
2 0.214354692507
3 0.33483695221
194 32.8535196405
3 0.33483695221
4 0.459479341999
2 0.214354692507
1 0.1
1 0.1
1 0.1
3 0.33483695221
2 0.214354692507
1 0.1
3 0.33483695221
1 0.1
18 2.40325445257
2 0.214354692507
11 1.39807977673
1 0.1
11 1.39807977673
1 0.1
2 0.214354692507
6 0.717738719311
7 0.850369830827
2 0.214354692507
10 1.25892541179
2 0.214354692507
7 0.850369830827
55 8.21105494848
5 0.587309471544
4 0.459479341999
2 0.214354692507
5 0.587309471544
11 1.39807977673
2 0.214354692507
2 0.214354692507
3 0.33483695221
4 0.459479341999
31 4.3701652889
4 0.459479341999
2 0.214354692507
8 0.984915530676
2 0.214354692507
3 0.33483695221
3 0.33483695221
4 0.459479341999
2 0.214354692507
2 0.214354692507
14 1.82280763604
4 0.459479341999
11 1.39807977673
23 3.14702809165
3 0.33483695221
3 0.33483695221
2 0.214354692507
2 0.214354692507
2 0.214354692507
11 1.39807977673
2 0.214354692507
3 0.33483695221
2 0.214354692507
2 0.214354692507
5 0.587309471544
4 0.459479341999
2 0.214354692507
20 2.69856569535
3 0.33483695221
40 5.78450219837
5 0.587309471544
2 0.214354692507
1 0.1
1 0.1
1 0.1
54 8.04698396285
3 0.33483695221
2 0.214354692507
2 0.214354692507
2 0.214354692507
1 0.1
4 0.459479341999
3 0.33483695221
1 0.1
12 1.53850662478
3 0.33483695221
2 0.214354692507
2 0.214354692507
5 0.587309471544
2 0.214354692507
2 0.214354692507
2 0.214354692507
3 0.33483695221
2 0.214354692507
3 0.33483695221
49 7.23128849181
4 0.459479341999
2 0.214354692507
2 0.214354692507
2 0.214354692507
1 0.1
1 0.1
3 0.33483695221
3 0.33483695221
26 3.6013943821
5 0.587309471544
1 0.1
5 0.587309471544
2 0.214354692507
11 1.39807977673
1 0.1
12 1.53850662478
1 0.1
3 0.33483695221
2 0.214354692507
21 2.84735242406
2 0.214354692507
12 1.53850662478
1 0.1
3 0.33483695221
2 0.214354692507
1 0.1
3 0.33483695221
13 1.68010988702
1 0.1
2 0.214354692507
2 0.214354692507
2 0.214354692507
5 0.587309471544
2 0.214354692507
4 0.459479341999
2 0.214354692507
5 0.587309471544
2 0.214354692507
4 0.459479341999
9 1.12115784565
4 0.459479341999
2 0.214354692507
2 0.214354692507
2 0.214354692507
1 0.1
2 0.214354692507
31 4.3701652889
4 0.459479341999
6 0.717738719311
9 1.12115784565
1 0.1
2 0.214354692507
1 0.1
2 0.214354692507
3 0.33483695221
1 0.1
1 0.1
1 0.1
3 0.33483695221
7 0.850369830827
5 0.587309471544
1 0.1
2 0.214354692507
2 0.214354692507
6 0.717738719311
2 0.214354692507
2 0.214354692507
3 0.33483695221
4 0.459479341999
1 0.1
8 0.984915530676
2 0.214354692507
10 1.25892541179
3 0.33483695221
13 1.68010988702
9 1.12115784565
1 0.1
3 0.33483695221
111 17.7768691886
2 0.214354692507
1 0.1
1 0.1
2 0.214354692507
2 0.214354692507
6 0.717738719311
2 0.214354692507
2 0.214354692507
1 0.1
2 0.214354692507
8 0.984915530676
6 0.717738719311
4 0.459479341999
2 0.214354692507
15 1.96652913456
1 0.1
2 0.214354692507
3 0.33483695221
2 0.214354692507
9 1.12115784565
2 0.214354692507
1 0.1
4 0.459479341999
3 0.33483695221
2 0.214354692507
1 0.1
12 1.53850662478
2 0.214354692507
1 0.1
2 0.214354692507
2 0.214354692507
5 0.587309471544
1 0.1
3 0.33483695221
8 0.984915530676
4 0.459479341999
6 0.717738719311
3 0.33483695221
2 0.214354692507
1 0.1
5 0.587309471544
1 0.1
3 0.33483695221
4 0.459479341999
2 0.214354692507
12 1.53850662478
2 0.214354692507
3 0.33483695221
2 0.214354692507
4 0.459479341999
2 0.214354692507
7 0.850369830827
4 0.459479341999
1 0.1
2 0.214354692507
3 0.33483695221
1 0.1
20 2.69856569535
2 0.214354692507
4 0.459479341999
2 0.214354692507
3 0.33483695221
2 0.214354692507
4 0.459479341999
3 0.33483695221
3 0.33483695221
5 0.587309471544
2 0.214354692507
4 0.459479341999
3 0.33483695221
1 0.1
1 0.1
2 0.214354692507
4 0.459479341999
4 0.459479341999
1 0.1
4 0.459479341999
4 0.459479341999
1 0.1
2 0.214354692507
2 0.214354692507
2 0.214354692507
3 0.33483695221
2 0.214354692507
2 0.214354692507
6 0.717738719311
4 0.459479341999
1 0.1
2 0.214354692507
10 1.25892541179
1 0.1
2 0.214354692507
2 0.214354692507
3 0.33483695221
1 0.1
3 0.33483695221
1 0.1
2 0.214354692507
2 0.214354692507
38 5.46716216889
3 0.33483695221
3 0.33483695221
79 12.2289677707
1 0.1
2 0.214354692507
13 1.68010988702
4 0.459479341999
2 0.214354692507
1 0.1
8 0.984915530676
3 0.33483695221
3 0.33483695221
2 0.214354692507
72 11.0424577452
3 0.33483695221
7 0.850369830827
3 0.33483695221
2 0.214354692507
2 0.214354692507
3 0.33483695221
2 0.214354692507
3 0.33483695221
1 0.1
9 1.12115784565
3 0.33483695221
1 0.1
10 1.25892541179
4 0.459479341999
10 1.25892541179
3 0.33483695221
5 0.587309471544
7 0.850369830827
3 0.33483695221
1 0.1
39 5.62562873946
2 0.214354692507
2 0.214354692507
3 0.33483695221
1 0.1
4 0.459479341999
4 0.459479341999
5 0.587309471544
280 49.1896615585
3 0.33483695221
2 0.214354692507
206 35.0957026964
10 1.25892541179
2 0.214354692507
3 0.33483695221
2 0.214354692507
6 0.717738719311
2 0.214354692507
7 0.850369830827
2 0.214354692507
6 0.717738719311
4 0.459479341999
3 0.33483695221
4 0.459479341999
23 3.14702809165
7 0.850369830827
2 0.214354692507
1 0.1
2 0.214354692507
2 0.214354692507
2 0.214354692507
5 0.587309471544
21 2.84735242406
2 0.214354692507
4 0.459479341999
6 0.717738719311
2 0.214354692507
4 0.459479341999
2 0.214354692507
5 0.587309471544
6 0.717738719311
5 0.587309471544
2 0.214354692507
2 0.214354692507
3 0.33483695221
1 0.1
1 0.1
2 0.214354692507
3 0.33483695221
9 1.12115784565
3 0.33483695221
8 0.984915530676
1 0.1
1 0.1
4 0.459479341999
13 1.68010988702
1 0.1
2 0.214354692507
4 0.459479341999
1 0.1
1 0.1
3 0.33483695221
2 0.214354692507
2 0.214354692507
1 0.1
4 0.459479341999
2 0.214354692507
2 0.214354692507
2 0.214354692507
1 0.1
5 0.587309471544
6 0.717738719311
5 0.587309471544
4 0.459479341999
2 0.214354692507
15 1.96652913456
2 0.214354692507
3 0.33483695221
3 0.33483695221
3 0.33483695221
50 7.39378818314
1 0.1
1 0.1
2 0.214354692507
10 1.25892541179
2 0.214354692507
1 0.1
4 0.459479341999
331 59.1303967688
1 0.1
7 0.850369830827
82 12.7407571461
3 0.33483695221
1 0.1
6 0.717738719311
2 0.214354692507
2 0.214354692507
3 0.33483695221
1 0.1
2 0.214354692507
1 0.1
3 0.33483695221
3 0.33483695221
2 0.214354692507
2 0.214354692507
12 1.53850662478
12 1.53850662478
2 0.214354692507
2 0.214354692507
3 0.33483695221
33 4.68128771387
16 2.11121265724
7 0.850369830827
19 2.55052133683
2 0.214354692507
4 0.459479341999
4 0.459479341999
8 0.984915530676
3 0.33483695221
10 1.25892541179
3 0.33483695221
1 0.1
2 0.214354692507
3 0.33483695221
2 0.214354692507
5 0.587309471544
4 0.459479341999
2 0.214354692507
89 13.9421261289
22 2.99684960642
3 0.33483695221
9 1.12115784565
2 0.214354692507
2 0.214354692507
37 5.309112113
2 0.214354692507
18 2.40325445257
4 0.459479341999
5 0.587309471544
2 0.214354692507
1 0.1
2 0.214354692507
1 0.1
20 2.69856569535
3 0.33483695221
1 0.1
7 0.850369830827
3 0.33483695221
1 0.1
2 0.214354692507
1 0.1
3 0.33483695221
12 1.53850662478
2 0.214354692507
6 0.717738719311
2 0.214354692507
2 0.214354692507
28 3.90727370324
7 0.850369830827
2 0.214354692507
2 0.214354692507
3 0.33483695221
3 0.33483695221
2 0.214354692507
1 0.1
1 0.1
5 0.587309471544
2 0.214354692507
4 0.459479341999
20 2.69856569535
3 0.33483695221
1 0.1
2 0.214354692507
2 0.214354692507
1 0.1
2 0.214354692507
16 2.11121265724
9 1.12115784565
4 0.459479341999
2 0.214354692507
15 1.96652913456
1 0.1
3 0.33483695221
3 0.33483695221
3 0.33483695221
1 0.1
6 0.717738719311
4 0.459479341999
3 0.33483695221
6 0.717738719311
5 0.587309471544
8 0.984915530676
2 0.214354692507
3 0.33483695221
4 0.459479341999
1 0.1
2 0.214354692507
2 0.214354692507
3 0.33483695221
1 0.1
2 0.214354692507
4 0.459479341999
1 0.1
9 1.12115784565
52 7.71975785371
2 0.214354692507
2 0.214354692507
3 0.33483695221
13 1.68010988702
2 0.214354692507
2 0.214354692507
51 7.5566132197
2 0.214354692507
4 0.459479341999
6 0.717738719311
6 0.717738719311
3 0.33483695221
1 0.1
6 0.717738719311
4 0.459479341999
5 0.587309471544
2 0.214354692507
1 0.1
1 0.1
2 0.214354692507
1 0.1
8 0.984915530676
1 0.1
3 0.33483695221
2 0.214354692507
1 0.1
1 0.1
1 0.1
2 0.214354692507
2 0.214354692507
1 0.1
24 3.29786114476
23 3.14702809165
1 0.1
3 0.33483695221
1 0.1
1 0.1
1 0.1
3 0.33483695221
1 0.1
6 0.717738719311
3 0.33483695221
15 1.96652913456
1 0.1
9 1.12115784565
2 0.214354692507
33 4.68128771387
6 0.717738719311
7 0.850369830827
2 0.214354692507
4 0.459479341999
2 0.214354692507
3 0.33483695221
40 5.78450219837
30 4.21534747945
2 0.214354692507
3 0.33483695221
2 0.214354692507
2 0.214354692507
6 0.717738719311
2 0.214354692507
5 0.587309471544
2 0.214354692507
1 0.1
2 0.214354692507
4 0.459479341999
6 0.717738719311
3 0.33483695221
1 0.1
1 0.1
13 1.68010988702
4 0.459479341999
22 2.99684960642
2 0.214354692507
1 0.1
35 4.9943025596
9 1.12115784565
1 0.1
2 0.214354692507
1 0.1
3 0.33483695221
2 0.214354692507
4 0.459479341999
2 0.214354692507
2 0.214354692507
3 0.33483695221
2 0.214354692507
1 0.1
3 0.33483695221
4 0.459479341999
2 0.214354692507
3 0.33483695221
1 0.1
4 0.459479341999
6 0.717738719311
3 0.33483695221
1 0.1
2 0.214354692507
1 0.1
36 5.15148869198
3 0.33483695221
4 0.459479341999
38 5.46716216889
1 0.1
16 2.11121265724
1 0.1
3 0.33483695221
2 0.214354692507
2 0.214354692507
2 0.214354692507
156 25.8486019154
5 0.587309471544
1 0.1
4 0.459479341999
1 0.1
1 0.1
5 0.587309471544
1 0.1
1 0.1
1 0.1
4 0.459479341999
1 0.1
2 0.214354692507
2 0.214354692507
2 0.214354692507
2 0.214354692507
4 0.459479341999
5 0.587309471544
3 0.33483695221
1 0.1
6 0.717738719311
2 0.214354692507
1 0.1
2 0.214354692507
2 0.214354692507
1 0.1
2 0.214354692507
11 1.39807977673
2 0.214354692507
19 2.55052133683
2 0.214354692507
8 0.984915530676
1 0.1
1 0.1
2 0.214354692507
3 0.33483695221
9 1.12115784565
2 0.214354692507
5 0.587309471544
110 17.6007815864
3 0.33483695221
2 0.214354692507
2 0.214354692507
7 0.850369830827
3 0.33483695221
17 2.25680384731
2 0.214354692507
3 0.33483695221
2 0.214354692507
3 0.33483695221
1 0.1
2 0.214354692507
1 0.1
13 1.68010988702
2 0.214354692507
4 0.459479341999
2 0.214354692507
4 0.459479341999
1 0.1
13 1.68010988702
2 0.214354692507
3 0.33483695221
5 0.587309471544
2 0.214354692507
1 0.1
1 0.1
4 0.459479341999
2 0.214354692507
2 0.214354692507
2 0.214354692507
3 0.33483695221
3 0.33483695221
162 26.944275846
6 0.717738719311
2 0.214354692507
6 0.717738719311
2 0.214354692507
1 0.1
2 0.214354692507
22 2.99684960642
4 0.459479341999
18 2.40325445257
3 0.33483695221
2 0.214354692507
3 0.33483695221
1 0.1
3 0.33483695221
5 0.587309471544
2 0.214354692507
1 0.1
2 0.214354692507
3 0.33483695221
2 0.214354692507
1 0.1
7 0.850369830827
2 0.214354692507
2 0.214354692507
1 0.1
1 0.1
3 0.33483695221
1 0.1
1 0.1
2 0.214354692507
2 0.214354692507
2 0.214354692507
2 0.214354692507
2 0.214354692507
18 2.40325445257
1 0.1
30 4.21534747945
25 3.44932415365
3 0.33483695221
3 0.33483695221
1 0.1
2 0.214354692507
5 0.587309471544
1 0.1
2 0.214354692507
95 14.9794533849
7 0.850369830827
7 0.850369830827
16 2.11121265724
10 1.25892541179
4 0.459479341999
3 0.33483695221
2 0.214354692507
3 0.33483695221
86 13.4260511178
1 0.1
3 0.33483695221
5 0.587309471544
1 0.1
5 0.587309471544
4 0.459479341999
120 19.3686508615
5 0.587309471544
2 0.214354692507
4 0.459479341999
4 0.459479341999
1 0.1
24 3.29786114476
2 0.214354692507
1 0.1
2 0.214354692507
5 0.587309471544
1 0.1
3 0.33483695221
2 0.214354692507
2 0.214354692507
2 0.214354692507
6 0.717738719311
1 0.1
2 0.214354692507
3 0.33483695221
16 2.11121265724
2 0.214354692507
2 0.214354692507
3 0.33483695221
1 0.1
10 1.25892541179
2 0.214354692507
2 0.214354692507
2 0.214354692507
8 0.984915530676
4 0.459479341999
2 0.214354692507
5 0.587309471544
9 1.12115784565
9 1.12115784565
5 0.587309471544
3 0.33483695221
3 0.33483695221
9 1.12115784565
2 0.214354692507
1 0.1
1 0.1
6 0.717738719311
2 0.214354692507
1 0.1
3 0.33483695221
2 0.214354692507
10 1.25892541179
1 0.1
3 0.33483695221
2 0.214354692507
2 0.214354692507
2 0.214354692507
2 0.214354692507
2 0.214354692507
1 0.1
3 0.33483695221
6 0.717738719311
2 0.214354692507
3 0.33483695221
10 1.25892541179
2 0.214354692507
4 0.459479341999
1 0.1
3 0.33483695221
2 0.214354692507
4 0.459479341999
179 30.0703396856
1 0.1
4 0.459479341999
2 0.214354692507
1 0.1
3 0.33483695221
4 0.459479341999
2 0.214354692507
3 0.33483695221
2 0.214354692507
1 0.1
1 0.1
20 2.69856569535
9 1.12115784565
3 0.33483695221
8 0.984915530676
5 0.587309471544
4 0.459479341999
7 0.850369830827
4 0.459479341999
13 1.68010988702
3 0.33483695221
1 0.1
3 0.33483695221
2 0.214354692507
9 1.12115784565
4 0.459479341999
2 0.214354692507
4 0.459479341999
1 0.1
2 0.214354692507
10 1.25892541179
15 1.96652913456
2 0.214354692507
2 0.214354692507
3 0.33483695221
2 0.214354692507
2 0.214354692507
26 3.6013943821
2 0.214354692507
4 0.459479341999
5 0.587309471544
3 0.33483695221
2 0.214354692507
2 0.214354692507
1 0.1
4 0.459479341999
9 1.12115784565
1 0.1
2 0.214354692507
1 0.1
6 0.717738719311
2 0.214354692507
2 0.214354692507
66 10.0345598845
1 0.1
2 0.214354692507
3 0.33483695221
6 0.717738719311
5 0.587309471544
4 0.459479341999
2 0.214354692507
2 0.214354692507
2 0.214354692507
3 0.33483695221
1 0.1
2 0.214354692507
2 0.214354692507
1 0.1
3 0.33483695221
4 0.459479341999
21 2.84735242406
3 0.33483695221
7 0.850369830827
5 0.587309471544
3 0.33483695221
15 1.96652913456
2 0.214354692507
1 0.1
3 0.33483695221
2 0.214354692507
11 1.39807977673
1 0.1
4 0.459479341999
1 0.1
1 0.1
9 1.12115784565
4 0.459479341999
2 0.214354692507
9 1.12115784565
53 7.88321654769
8 0.984915530676
2 0.214354692507
50 7.39378818314
4 0.459479341999
3 0.33483695221
36 5.15148869198
1 0.1
1 0.1
2 0.214354692507
1 0.1
3 0.33483695221
1 0.1
4 0.459479341999
1 0.1
7 0.850369830827
2 0.214354692507
11 1.39807977673
5 0.587309471544
2 0.214354692507
11 1.39807977673
4 0.459479341999
2 0.214354692507
2 0.214354692507
3 0.33483695221
3 0.33483695221
3 0.33483695221
28 3.90727370324
1 0.1
3 0.33483695221
1 0.1
2 0.214354692507
2 0.214354692507
7 0.850369830827
2 0.214354692507
2 0.214354692507
29 4.06104496075
2 0.214354692507
8 0.984915530676
1 0.1
1 0.1
4 0.459479341999
3 0.33483695221
7 0.850369830827
1 0.1
1 0.1
8 0.984915530676
1 0.1
3 0.33483695221
4 0.459479341999
2 0.214354692507
9 1.12115784565
5 0.587309471544
2 0.214354692507
17 2.25680384731
2 0.214354692507
5 0.587309471544
2 0.214354692507
4 0.459479341999
19 2.55052133683
9 1.12115784565
4 0.459479341999
2 0.214354692507
1 0.1
4 0.459479341999
2 0.214354692507
1 0.1
6 0.717738719311
1 0.1
1 0.1
3 0.33483695221
1 0.1
2 0.214354692507
4 0.459479341999
1 0.1
23 3.14702809165
50 7.39378818314
2 0.214354692507
8 0.984915530676
2 0.214354692507
9 1.12115784565
9 1.12115784565
1 0.1
51 7.5566132197
5 0.587309471544
1 0.1
1 0.1
1 0.1
19 2.55052133683
3 0.33483695221
2 0.214354692507
125 20.2582074587
2 0.214354692507
1 0.1
2 0.214354692507
10 1.25892541179
3 0.33483695221
1 0.1
7 0.850369830827
2 0.214354692507
2 0.214354692507
4 0.459479341999
127 20.6150357867
7 0.850369830827
1 0.1
1 0.1
9 1.12115784565
9 1.12115784565
2 0.214354692507
3 0.33483695221
13 1.68010988702
5 0.587309471544
2 0.214354692507
2 0.214354692507
3 0.33483695221
8 0.984915530676
32 4.52548339959
1 0.1
15 1.96652913456
2 0.214354692507
226 38.8614752413
14 1.82280763604
2 0.214354692507
2 0.214354692507
8 0.984915530676
6 0.717738719311
5 0.587309471544
2 0.214354692507
6 0.717738719311
10 1.25892541179
2 0.214354692507
3 0.33483695221
2 0.214354692507
3 0.33483695221
2 0.214354692507
6 0.717738719311
4 0.459479341999
2 0.214354692507
4 0.459479341999
2 0.214354692507
2 0.214354692507
1 0.1
2 0.214354692507
8 0.984915530676
6 0.717738719311
6 0.717738719311
3 0.33483695221
2 0.214354692507
32 4.52548339959
46 6.74580238897
1 0.1
3 0.33483695221
3 0.33483695221
3 0.33483695221
2 0.214354692507
1 0.1
1 0.1
4 0.459479341999
1 0.1
2 0.214354692507
2 0.214354692507
1 0.1
2 0.214354692507
5 0.587309471544
28 3.90727370324
3 0.33483695221
1 0.1
68 10.3695474678
2 0.214354692507
9 1.12115784565
3 0.33483695221
4 0.459479341999
4 0.459479341999
5 0.587309471544
3 0.33483695221
11 1.39807977673
4 0.459479341999
1 0.1
1 0.1
2 0.214354692507
4 0.459479341999
13 1.68010988702
1 0.1
1 0.1
2 0.214354692507
2 0.214354692507
28 3.90727370324
3 0.33483695221
2 0.214354692507
1 0.1
12 1.53850662478
6 0.717738719311
1 0.1
9 1.12115784565
2 0.214354692507
10 1.25892541179
2 0.214354692507
4 0.459479341999
2 0.214354692507
10 1.25892541179
8 0.984915530676
1 0.1
16 2.11121265724
15 1.96652913456
11 1.39807977673
5 0.587309471544
3 0.33483695221
7 0.850369830827
2 0.214354692507
2 0.214354692507
1 0.1
2 0.214354692507
1 0.1
1 0.1
2 0.214354692507
4 0.459479341999
3 0.33483695221
1 0.1
6 0.717738719311
2 0.214354692507
2 0.214354692507
8 0.984915530676
2 0.214354692507
9 1.12115784565
1 0.1
2 0.214354692507
2 0.214354692507
12 1.53850662478
3 0.33483695221
2 0.214354692507
5 0.587309471544
3 0.33483695221
4 0.459479341999
2 0.214354692507
11 1.39807977673
2 0.214354692507
2 0.214354692507
3 0.33483695221
5 0.587309471544
2 0.214354692507
16 2.11121265724
3 0.33483695221
2 0.214354692507
3 0.33483695221
4 0.459479341999
2 0.214354692507
4 0.459479341999
2 0.214354692507
2 0.214354692507
1 0.1
1 0.1
4 0.459479341999
3 0.33483695221
1 0.1
2 0.214354692507
1 0.1
2 0.214354692507
6 0.717738719311
4 0.459479341999
3 0.33483695221
5 0.587309471544
2 0.214354692507
11 1.39807977673
27 3.75405075985
2 0.214354692507
1 0.1
52 7.71975785371
4 0.459479341999
121 19.546270621
9 1.12115784565
2 0.214354692507
2 0.214354692507
2 0.214354692507
5 0.587309471544
2 0.214354692507
3 0.33483695221
2 0.214354692507
1 0.1
1 0.1
25 3.44932415365
1 0.1
1 0.1
3 0.33483695221
1 0.1
2 0.214354692507
111 17.7768691886
9 1.12115784565
3 0.33483695221
4 0.459479341999
1 0.1
1 0.1
2 0.214354692507
1 0.1
1 0.1
2 0.214354692507
2 0.214354692507
2 0.214354692507
2 0.214354692507
8 0.984915530676
8 0.984915530676
1 0.1
3 0.33483695221
2 0.214354692507
4 0.459479341999
2 0.214354692507
2 0.214354692507
3 0.33483695221
7 0.850369830827
1 0.1
1 0.1
2 0.214354692507
8 0.984915530676
1 0.1
2 0.214354692507
14 1.82280763604
2 0.214354692507
2 0.214354692507
6 0.717738719311
32 4.52548339959
2 0.214354692507
11 1.39807977673
7 0.850369830827
1 0.1
5 0.587309471544
2 0.214354692507
4 0.459479341999
2 0.214354692507
2 0.214354692507
6 0.717738719311
2 0.214354692507
1 0.1
14 1.82280763604
2 0.214354692507
4 0.459479341999
3 0.33483695221
5 0.587309471544
1 0.1
2 0.214354692507
3 0.33483695221
2 0.214354692507
3 0.33483695221
3 0.33483695221
1 0.1
4 0.459479341999
2 0.214354692507
2 0.214354692507
3 0.33483695221
2 0.214354692507
1 0.1
2 0.214354692507
4 0.459479341999
3 0.33483695221
2 0.214354692507
2 0.214354692507
6 0.717738719311
4 0.459479341999
7 0.850369830827
5 0.587309471544
3 0.33483695221
5 0.587309471544
2 0.214354692507
2 0.214354692507
89 13.9421261289
4 0.459479341999
7 0.850369830827
2 0.214354692507
5 0.587309471544
2 0.214354692507
6 0.717738719311
15 1.96652913456
2 0.214354692507
1 0.1
1 0.1
10 1.25892541179
2 0.214354692507
1 0.1
1 0.1
4 0.459479341999
8 0.984915530676
2 0.214354692507
3 0.33483695221
2 0.214354692507
1 0.1
2 0.214354692507
2 0.214354692507
35 4.9943025596
3 0.33483695221
4 0.459479341999
19 2.55052133683
16 2.11121265724
13 1.68010988702
2 0.214354692507
7 0.850369830827
6 0.717738719311
1 0.1
6 0.717738719311
3 0.33483695221
2 0.214354692507
2 0.214354692507
8 0.984915530676
3 0.33483695221
4 0.459479341999
2 0.214354692507
3 0.33483695221
2 0.214354692507
1 0.1
3 0.33483695221
1 0.1
30 4.21534747945
4 0.459479341999
6 0.717738719311
11 1.39807977673
1 0.1
1 0.1
5 0.587309471544
4 0.459479341999
15 1.96652913456
2 0.214354692507
2 0.214354692507
2 0.214354692507
2 0.214354692507
1 0.1
1 0.1
4 0.459479341999
14 1.82280763604
4 0.459479341999
14 1.82280763604
50 7.39378818314
2 0.214354692507
2 0.214354692507
2 0.214354692507
3 0.33483695221
11 1.39807977673
4 0.459479341999
2 0.214354692507
5 0.587309471544
2 0.214354692507
3 0.33483695221
3 0.33483695221
3 0.33483695221
3 0.33483695221
3 0.33483695221
2 0.214354692507
4 0.459479341999
1 0.1
119 19.1911790585
3 0.33483695221
15 1.96652913456
2 0.214354692507
2 0.214354692507
2 0.214354692507
2 0.214354692507
24 3.29786114476
3 0.33483695221
21 2.84735242406
11 1.39807977673
4 0.459479341999
2 0.214354692507
5 0.587309471544
7 0.850369830827
4 0.459479341999
2 0.214354692507
2 0.214354692507
3 0.33483695221
2 0.214354692507
6 0.717738719311
2 0.214354692507
7 0.850369830827
3 0.33483695221
7 0.850369830827
4 0.459479341999
5 0.587309471544
4 0.459479341999
26 3.6013943821
7 0.850369830827
10 1.25892541179
5 0.587309471544
13 1.68010988702
13 1.68010988702
58 8.70504043819
26 3.6013943821
5 0.587309471544
1 0.1
3 0.33483695221
2 0.214354692507
2 0.214354692507
10 1.25892541179
6 0.717738719311
48 7.06912011617
4 0.459479341999
4 0.459479341999
1 0.1
14 1.82280763604
13 1.68010988702
2 0.214354692507
1 0.1
28 3.90727370324
2 0.214354692507
24 3.29786114476
2 0.214354692507
2 0.214354692507
2 0.214354692507
2 0.214354692507
9 1.12115784565
13 1.68010988702
3 0.33483695221
1 0.1
11 1.39807977673
1 0.1
4 0.459479341999
18 2.40325445257
2 0.214354692507
3 0.33483695221
2 0.214354692507
1 0.1
1 0.1
9 1.12115784565
6 0.717738719311
6 0.717738719311
3 0.33483695221
1 0.1
1 0.1
40 5.78450219837
5 0.587309471544
4 0.459479341999
1 0.1
2 0.214354692507
4 0.459479341999
3 0.33483695221
2 0.214354692507
5 0.587309471544
1 0.1
33 4.68128771387
39 5.62562873946
5 0.587309471544
1 0.1
1 0.1
3 0.33483695221
1 0.1
3 0.33483695221
3 0.33483695221
2 0.214354692507
1 0.1
2 0.214354692507
4 0.459479341999
7 0.850369830827
4 0.459479341999
2 0.214354692507
2 0.214354692507
2 0.214354692507
2 0.214354692507
2 0.214354692507
2 0.214354692507
2 0.214354692507
2 0.214354692507
10 1.25892541179
2 0.214354692507
3 0.33483695221
2 0.214354692507
10 1.25892541179
19 2.55052133683
1 0.1
2 0.214354692507
2 0.214354692507
8 0.984915530676
3 0.33483695221
1 0.1
1 0.1
1 0.1
3 0.33483695221
4 0.459479341999
2 0.214354692507
9 1.12115784565
8 0.984915530676
2 0.214354692507
2 0.214354692507
1 0.1
3 0.33483695221
3 0.33483695221
5 0.587309471544
3 0.33483695221
2 0.214354692507
2 0.214354692507
1 0.1
2 0.214354692507
3 0.33483695221
1 0.1
6 0.717738719311
1 0.1
2 0.214354692507
2 0.214354692507
7 0.850369830827
4 0.459479341999
2 0.214354692507
2 0.214354692507
1 0.1
2 0.214354692507
2 0.214354692507
2 0.214354692507
48 7.06912011617
6 0.717738719311
1 0.1
4 0.459479341999
2 0.214354692507
9 1.12115784565
5 0.587309471544
11 1.39807977673
2 0.214354692507
5 0.587309471544
1 0.1
2 0.214354692507
3 0.33483695221
682 130.96728126
1 0.1
3 0.33483695221
2 0.214354692507
2 0.214354692507
13 1.68010988702
2 0.214354692507
1 0.1
2 0.214354692507
3 0.33483695221
1 0.1
3 0.33483695221
4 0.459479341999
4 0.459479341999
3 0.33483695221
2 0.214354692507
3 0.33483695221
4 0.459479341999
5 0.587309471544
13 1.68010988702
2 0.214354692507
4 0.459479341999
3 0.33483695221
2 0.214354692507
8 0.984915530676
2 0.214354692507
2 0.214354692507
2 0.214354692507
2 0.214354692507
2 0.214354692507
6 0.717738719311
7 0.850369830827
1 0.1
6 0.717738719311
1 0.1
1 0.1
15 1.96652913456
9 1.12115784565
3 0.33483695221
1 0.1
2 0.214354692507
1 0.1
2 0.214354692507
3 0.33483695221
1 0.1
2 0.214354692507
4 0.459479341999
3 0.33483695221
2 0.214354692507
4 0.459479341999
10 1.25892541179
56 8.375424532
5 0.587309471544
18 2.40325445257
1 0.1
8 0.984915530676
1 0.1
2 0.214354692507
3 0.33483695221
2 0.214354692507
2 0.214354692507
4 0.459479341999
7 0.850369830827
2 0.214354692507
1 0.1
7 0.850369830827
8 0.984915530676
2 0.214354692507
5 0.587309471544
1 0.1
4 0.459479341999
5 0.587309471544
28 3.90727370324
2 0.214354692507
1 0.1
3 0.33483695221
3 0.33483695221
2 0.214354692507
1 0.1
2 0.214354692507
47 6.90728926279
10 1.25892541179
3 0.33483695221
3 0.33483695221
2 0.214354692507
2 0.214354692507
9 1.12115784565
2 0.214354692507
1 0.1
3 0.33483695221
9 1.12115784565
4 0.459479341999
3 0.33483695221
2 0.214354692507
10 1.25892541179
1 0.1
3 0.33483695221
2 0.214354692507
2 0.214354692507
6 0.717738719311
3 0.33483695221
1 0.1
4 0.459479341999
1 0.1
6 0.717738719311
2 0.214354692507
7 0.850369830827
1 0.1
4 0.459479341999
3 0.33483695221
2 0.214354692507
3 0.33483695221
2 0.214354692507
1 0.1
1 0.1
2 0.214354692507
8 0.984915530676
2 0.214354692507
3 0.33483695221
3 0.33483695221
4 0.459479341999
4 0.459479341999
2 0.214354692507
4 0.459479341999
2 0.214354692507
4 0.459479341999
2 0.214354692507
1 0.1
1 0.1
2 0.214354692507
82 12.7407571461
2 0.214354692507
2 0.214354692507
9 1.12115784565
2 0.214354692507
3 0.33483695221
20 2.69856569535
3 0.33483695221
1 0.1
12 1.53850662478
3 0.33483695221
1 0.1
2 0.214354692507
2 0.214354692507
1 0.1
18 2.40325445257
3 0.33483695221
5 0.587309471544
2 0.214354692507
3 0.33483695221
1 0.1
1 0.1
2 0.214354692507
13 1.68010988702
1 0.1
4 0.459479341999
4 0.459479341999
2 0.214354692507
2 0.214354692507
10 1.25892541179
2 0.214354692507
7 0.850369830827
3 0.33483695221
1 0.1
2 0.214354692507
3 0.33483695221
9 1.12115784565
2 0.214354692507
3 0.33483695221
1 0.1
3 0.33483695221
1 0.1
1 0.1
4 0.459479341999
1 0.1
13 1.68010988702
3 0.33483695221
3 0.33483695221
2 0.214354692507
18 2.40325445257
13 1.68010988702
2 0.214354692507
1277 261.10187286
2 0.214354692507
6 0.717738719311
3 0.33483695221
2 0.214354692507
2 0.214354692507
2 0.214354692507
64 9.70058602567
16 2.11121265724
2 0.214354692507
2 0.214354692507
1 0.1
3 0.33483695221
2 0.214354692507
4 0.459479341999
4 0.459479341999
2 0.214354692507
2 0.214354692507
2 0.214354692507
22 2.99684960642
3 0.33483695221
2 0.214354692507
1 0.1
5 0.587309471544
5 0.587309471544
4 0.459479341999
2 0.214354692507
1 0.1
2 0.214354692507
4 0.459479341999
2 0.214354692507
5 0.587309471544
3 0.33483695221
40 5.78450219837
3 0.33483695221
5 0.587309471544
2 0.214354692507
2 0.214354692507
6 0.717738719311
75 11.5496118679
5 0.587309471544
2 0.214354692507
2 0.214354692507
2 0.214354692507
2 0.214354692507
2 0.214354692507
6 0.717738719311
3 0.33483695221
4 0.459479341999
4 0.459479341999
7 0.850369830827
5 0.587309471544
2 0.214354692507
1 0.1
1 0.1
3 0.33483695221
7 0.850369830827
3 0.33483695221
4 0.459479341999
6 0.717738719311
2 0.214354692507
4 0.459479341999
3 0.33483695221
2 0.214354692507
13 1.68010988702
2 0.214354692507
2 0.214354692507
1 0.1
2 0.214354692507
1 0.1
2 0.214354692507
4 0.459479341999
2 0.214354692507
5 0.587309471544
4 0.459479341999
2 0.214354692507
1 0.1
5 0.587309471544
1 0.1
1 0.1
3 0.33483695221
2 0.214354692507
2 0.214354692507
15 1.96652913456
2 0.214354692507
1 0.1
13 1.68010988702
2 0.214354692507
1 0.1
811 158.461199705
56 8.375424532
3 0.33483695221
1 0.1
5 0.587309471544
1 0.1
3 0.33483695221
19 2.55052133683
2 0.214354692507
2 0.214354692507
2 0.214354692507
18 2.40325445257
11 1.39807977673
2 0.214354692507
2 0.214354692507
12 1.53850662478
2 0.214354692507
5 0.587309471544
18 2.40325445257
7 0.850369830827
4 0.459479341999
2 0.214354692507
8 0.984915530676
1 0.1
3 0.33483695221
1 0.1
1 0.1
3 0.33483695221
2 0.214354692507
3 0.33483695221
423 77.4416154918
3 0.33483695221
3 0.33483695221
3 0.33483695221
7 0.850369830827
2 0.214354692507
1 0.1
2 0.214354692507
9 1.12115784565
4 0.459479341999
1 0.1
6 0.717738719311
2 0.214354692507
2 0.214354692507
2 0.214354692507
2 0.214354692507
3 0.33483695221
2 0.214354692507
2 0.214354692507
32 4.52548339959
4 0.459479341999
3 0.33483695221
5 0.587309471544
37 5.309112113
3 0.33483695221
1 0.1
4 0.459479341999
1 0.1
2 0.214354692507
223 38.2944070544
5 0.587309471544
3 0.33483695221
5 0.587309471544
3 0.33483695221
6 0.717738719311
4 0.459479341999
1 0.1
4 0.459479341999
1 0.1
2 0.214354692507
2 0.214354692507
1 0.1
2 0.214354692507
4 0.459479341999
5 0.587309471544
2 0.214354692507
7 0.850369830827
3 0.33483695221
5 0.587309471544
24 3.29786114476
1 0.1
3 0.33483695221
1 0.1
2 0.214354692507
1 0.1
12 1.53850662478
4 0.459479341999
