171 625.307140021
3 0.647300783992
5 1.5425846568
6 2.10308645184
5 1.5425846568
4 1.05560632862
3 0.647300783992
9 4.18998304957
6 2.10308645184
5 1.5425846568
5 1.5425846568
14 8.88009599641
3 0.647300783992
4 1.05560632862
4 1.05560632862
4 1.05560632862
7 2.73317014399
10 5.01187233627
10 5.01187233627
5 1.5425846568
3 0.647300783992
4 1.05560632862
8 3.42967508012
9 4.18998304957
22 19.147785662
8 3.42967508012
3 0.647300783992
11 5.89342233643
6 2.10308645184
3 0.647300783992
4 1.05560632862
3 0.647300783992
10 5.01187233627
3 0.647300783992
5 1.5425846568
6 2.10308645184
5 1.5425846568
5 1.5425846568
8 3.42967508012
3 0.647300783992
7 2.73317014399
8 3.42967508012
15 9.98516257721
5 1.5425846568
19 14.9238584649
27 27.121793129
6 2.10308645184
4 1.05560632862
9 4.18998304957
30 32.4418889254
7 2.73317014399
9 4.18998304957
43 59.8268827158
6 2.10308645184
7 2.73317014399
4 1.05560632862
13 7.82895323568
5 1.5425846568
3 0.647300783992
24 22.200313682
5 1.5425846568
14 8.88009599641
4 1.05560632862
5 1.5425846568
7 2.73317014399
5 1.5425846568
4 1.05560632862
5 1.5425846568
4 1.05560632862
3 0.647300783992
10 5.01187233627
23 20.6508209504
4 1.05560632862
9 4.18998304957
10 5.01187233627
10 5.01187233627
8 3.42967508012
5 1.5425846568
7 2.73317014399
5 1.5425846568
5 1.5425846568
3 0.647300783992
9 4.18998304957
4 1.05560632862
5 1.5425846568
12 6.83294804102
15 9.98516257721
5 1.5425846568
4 1.05560632862
5 1.5425846568
6 2.10308645184
3 0.647300783992
5 1.5425846568
6 2.10308645184
4 1.05560632862
4 1.05560632862
50 77.3123736777
3 0.647300783992
4 1.05560632862
78 164.649654821
4 1.05560632862
7 2.73317014399
5 1.5425846568
6 2.10308645184
4 1.05560632862
4 1.05560632862
4 1.05560632862
5 1.5425846568
6 2.10308645184
4 1.05560632862
6 2.10308645184
15 9.98516257721
7 2.73317014399
3 0.647300783992
4 1.05560632862
9 4.18998304957
4 1.05560632862
6 2.10308645184
8 3.42967508012
5 1.5425846568
10 5.01187233627
4 1.05560632862
8 3.42967508012
9 4.18998304957
10 5.01187233627
12 6.83294804102
5 1.5425846568
8 3.42967508012
3 0.647300783992
9 4.18998304957
7 2.73317014399
6 2.10308645184
7 2.73317014399
4 1.05560632862
15 9.98516257721
3 0.647300783992
10 5.01187233627
3 0.647300783992
7 2.73317014399
9 4.18998304957
6 2.10308645184
6 2.10308645184
9 4.18998304957
6 2.10308645184
4 1.05560632862
8 3.42967508012
4 1.05560632862
5 1.5425846568
7 2.73317014399
5 1.5425846568
14 8.88009599641
6 2.10308645184
15 9.98516257721
4 1.05560632862
4 1.05560632862
6 2.10308645184
3 0.647300783992
10 5.01187233627
4 1.05560632862
10 5.01187233627
4 1.05560632862
8 3.42967508012
4 1.05560632862
15 9.98516257721
20 16.2836212615
8 3.42967508012
5 1.5425846568
6 2.10308645184
9 4.18998304957
11 5.89342233643
13 7.82895323568
5 1.5425846568
4 1.05560632862
5 1.5425846568
6 2.10308645184
4 1.05560632862
6 2.10308645184
6 2.10308645184
6 2.10308645184
4 1.05560632862
5 1.5425846568
3 0.647300783992
4 1.05560632862
5 1.5425846568
3 0.647300783992
6 2.10308645184
8 3.42967508012
11 5.89342233643
44 62.2113391556
15 9.98516257721
5 1.5425846568
5 1.5425846568
5 1.5425846568
11 5.89342233643
7 2.73317014399
7 2.73317014399
5 1.5425846568
5 1.5425846568
4 1.05560632862
4 1.05560632862
43 59.8268827158
12 6.83294804102
7 2.73317014399
4 1.05560632862
11 5.89342233643
6 2.10308645184
4 1.05560632862
12 6.83294804102
5 1.5425846568
3 0.647300783992
4 1.05560632862
4 1.05560632862
11 5.89342233643
4 1.05560632862
6 2.10308645184
5 1.5425846568
5 1.5425846568
9 4.18998304957
7 2.73317014399
5 1.5425846568
14 8.88009599641
4 1.05560632862
4 1.05560632862
12 6.83294804102
4 1.05560632862
18 13.6132950908
4 1.05560632862
39 50.676875673
5 1.5425846568
5 1.5425846568
48 72.1290319522
4 1.05560632862
5 1.5425846568
4 1.05560632862
13 7.82895323568
33 38.1481689877
4 1.05560632862
6 2.10308645184
6 2.10308645184
10 5.01187233627
4 1.05560632862
3 0.647300783992
5 1.5425846568
6 2.10308645184
3 0.647300783992
4 1.05560632862
4 1.05560632862
4 1.05560632862
5 1.5425846568
5 1.5425846568
17 12.3527361841
17 12.3527361841
4 1.05560632862
3 0.647300783992
4 1.05560632862
4 1.05560632862
7 2.73317014399
3 0.647300783992
5 1.5425846568
4 1.05560632862
31 34.3016395949
7 2.73317014399
10 5.01187233627
4 1.05560632862
5 1.5425846568
4 1.05560632862
4 1.05560632862
22 19.147785662
8 3.42967508012
5 1.5425846568
7 2.73317014399
9 4.18998304957
5 1.5425846568
9 4.18998304957
6 2.10308645184
5 1.5425846568
9 4.18998304957
4 1.05560632862
6 2.10308645184
7 2.73317014399
4 1.05560632862
6 2.10308645184
4 1.05560632862
4 1.05560632862
4 1.05560632862
6 2.10308645184
5 1.5425846568
5 1.5425846568
5 1.5425846568
13 7.82895323568
7 2.73317014399
3 0.647300783992
7 2.73317014399
5 1.5425846568
13 7.82895323568
6 2.10308645184
4 1.05560632862
4 1.05560632862
3 0.647300783992
4 1.05560632862
4 1.05560632862
7 2.73317014399
3 0.647300783992
3 0.647300783992
4 1.05560632862
3 0.647300783992
4 1.05560632862
5 1.5425846568
5 1.5425846568
5 1.5425846568
7 2.73317014399
7 2.73317014399
4 1.05560632862
4 1.05560632862
8 3.42967508012
27 27.121793129
9 4.18998304957
4 1.05560632862
14 8.88009599641
9 4.18998304957
4 1.05560632862
6 2.10308645184
5 1.5425846568
5 1.5425846568
34 40.1341582683
3 0.647300783992
9 4.18998304957
4 1.05560632862
4 1.05560632862
9 4.18998304957
6 2.10308645184
6 2.10308645184
4 1.05560632862
4 1.05560632862
3 0.647300783992
7 2.73317014399
5 1.5425846568
4 1.05560632862
4 1.05560632862
4 1.05560632862
12 6.83294804102
3 0.647300783992
5 1.5425846568
5 1.5425846568
11 5.89342233643
6 2.10308645184
4 1.05560632862
5 1.5425846568
7 2.73317014399
19 14.9238584649
5 1.5425846568
9 4.18998304957
12 6.83294804102
4 1.05560632862
5 1.5425846568
4 1.05560632862
6 2.10308645184
5 1.5425846568
4 1.05560632862
5 1.5425846568
3 0.647300783992
4 1.05560632862
4 1.05560632862
15 9.98516257721
3 0.647300783992
4 1.05560632862
4 1.05560632862
4 1.05560632862
3 0.647300783992
4 1.05560632862
3 0.647300783992
11 5.89342233643
4 1.05560632862
4 1.05560632862
6 2.10308645184
4 1.05560632862
9 4.18998304957
4 1.05560632862
5 1.5425846568
4 1.05560632862
5 1.5425846568
4 1.05560632862
4 1.05560632862
4 1.05560632862
34 40.1341582683
5 1.5425846568
5 1.5425846568
3 0.647300783992
3 0.647300783992
5 1.5425846568
4 1.05560632862
17 12.3527361841
5 1.5425846568
3 0.647300783992
4 1.05560632862
5 1.5425846568
7 2.73317014399
5 1.5425846568
8 3.42967508012
4 1.05560632862
6 2.10308645184
4 1.05560632862
5 1.5425846568
4 1.05560632862
5 1.5425846568
5 1.5425846568
9 4.18998304957
7 2.73317014399
19 14.9238584649
3 0.647300783992
3 0.647300783992
13 7.82895323568
4 1.05560632862
5 1.5425846568
6 2.10308645184
4 1.05560632862
3 0.647300783992
4 1.05560632862
4 1.05560632862
5 1.5425846568
4 1.05560632862
12 6.83294804102
28 28.8515170118
5 1.5425846568
8 3.42967508012
3 0.647300783992
5 1.5425846568
3 0.647300783992
4 1.05560632862
6 2.10308645184
4 1.05560632862
4 1.05560632862
5 1.5425846568
4 1.05560632862
5 1.5425846568
3 0.647300783992
6 2.10308645184
4 1.05560632862
4 1.05560632862
12 6.83294804102
14 8.88009599641
16 11.1430472102
3 0.647300783992
4 1.05560632862
9 4.18998304957
7 2.73317014399
3 0.647300783992
5 1.5425846568
13 7.82895323568
4 1.05560632862
4 1.05560632862
12 6.83294804102
3 0.647300783992
4 1.05560632862
4 1.05560632862
4 1.05560632862
14 8.88009599641
5 1.5425846568
6 2.10308645184
8 3.42967508012
3 0.647300783992
4 1.05560632862
5 1.5425846568
5 1.5425846568
4 1.05560632862
5 1.5425846568
4 1.05560632862
5 1.5425846568
4 1.05560632862
3 0.647300783992
6 2.10308645184
12 6.83294804102
5 1.5425846568
6 2.10308645184
4 1.05560632862
4 1.05560632862
9 4.18998304957
18 13.6132950908
4 1.05560632862
6 2.10308645184
4 1.05560632862
11 5.89342233643
6 2.10308645184
4 1.05560632862
4 1.05560632862
6 2.10308645184
9 4.18998304957
4 1.05560632862
7 2.73317014399
4 1.05560632862
11 5.89342233643
4 1.05560632862
4 1.05560632862
10 5.01187233627
35 42.1614632854
9 4.18998304957
6 2.10308645184
4 1.05560632862
5 1.5425846568
8 3.42967508012
7 2.73317014399
8 3.42967508012
3 0.647300783992
5 1.5425846568
93 222.03478202
4 1.05560632862
5 1.5425846568
5 1.5425846568
5 1.5425846568
5 1.5425846568
4 1.05560632862
4 1.05560632862
4 1.05560632862
5 1.5425846568
4 1.05560632862
6 2.10308645184
8 3.42967508012
5 1.5425846568
4 1.05560632862
7 2.73317014399
7 2.73317014399
5 1.5425846568
13 7.82895323568
8 3.42967508012
4 1.05560632862
13 7.82895323568
4 1.05560632862
8 3.42967508012
7 2.73317014399
8 3.42967508012
5 1.5425846568
5 1.5425846568
9 4.18998304957
4 1.05560632862
9 4.18998304957
9 4.18998304957
5 1.5425846568
4 1.05560632862
58 99.501032892
12 6.83294804102
4 1.05560632862
16 11.1430472102
5 1.5425846568
36 44.2297262393
8 3.42967508012
9 4.18998304957
4 1.05560632862
10 5.01187233627
3 0.647300783992
4 1.05560632862
8 3.42967508012
4 1.05560632862
3 0.647300783992
4 1.05560632862
6 2.10308645184
3 0.647300783992
4 1.05560632862
5 1.5425846568
4 1.05560632862
5 1.5425846568
9 4.18998304957
4 1.05560632862
4 1.05560632862
5 1.5425846568
11 5.89342233643
8 3.42967508012
14 8.88009599641
5 1.5425846568
15 9.98516257721
11 5.89342233643
4 1.05560632862
5 1.5425846568
10 5.01187233627
91 213.978612424
5 1.5425846568
5 1.5425846568
5 1.5425846568
6 2.10308645184
7 2.73317014399
11 5.89342233643
6 2.10308645184
6 2.10308645184
4 1.05560632862
7 2.73317014399
5 1.5425846568
5 1.5425846568
6 2.10308645184
4 1.05560632862
3 0.647300783992
6 2.10308645184
4 1.05560632862
3 0.647300783992
4 1.05560632862
8 3.42967508012
4 1.05560632862
9 4.18998304957
23 20.6508209504
7 2.73317014399
5 1.5425846568
6 2.10308645184
6 2.10308645184
7 2.73317014399
15 9.98516257721
6 2.10308645184
10 5.01187233627
9 4.18998304957
5 1.5425846568
4 1.05560632862
33 38.1481689877
4 1.05560632862
6 2.10308645184
5 1.5425846568
3 0.647300783992
5 1.5425846568
10 5.01187233627
4 1.05560632862
5 1.5425846568
8 3.42967508012
5 1.5425846568
6 2.10308645184
3 0.647300783992
6 2.10308645184
5 1.5425846568
16 11.1430472102
13 7.82895323568
3 0.647300783992
12 6.83294804102
7 2.73317014399
10 5.01187233627
4 1.05560632862
9 4.18998304957
5 1.5425846568
26 25.4363441066
3 0.647300783992
6 2.10308645184
4 1.05560632862
4 1.05560632862
27 27.121793129
7 2.73317014399
4 1.05560632862
16 11.1430472102
4 1.05560632862
3 0.647300783992
5 1.5425846568
9 4.18998304957
18 13.6132950908
7 2.73317014399
8 3.42967508012
4 1.05560632862
4 1.05560632862
4 1.05560632862
7 2.73317014399
4 1.05560632862
4 1.05560632862
4 1.05560632862
4 1.05560632862
8 3.42967508012
4 1.05560632862
5 1.5425846568
8 3.42967508012
14 8.88009599641
36 44.2297262393
8 3.42967508012
17 12.3527361841
4 1.05560632862
14 8.88009599641
5 1.5425846568
5 1.5425846568
14 8.88009599641
13 7.82895323568
4 1.05560632862
5 1.5425846568
4 1.05560632862
5 1.5425846568
3 0.647300783992
6 2.10308645184
9 4.18998304957
4 1.05560632862
9 4.18998304957
5 1.5425846568
3 0.647300783992
27 27.121793129
4 1.05560632862
4 1.05560632862
5 1.5425846568
17 12.3527361841
4 1.05560632862
4 1.05560632862
3 0.647300783992
3 0.647300783992
5 1.5425846568
4 1.05560632862
12 6.83294804102
26 25.4363441066
4 1.05560632862
6 2.10308645184
4 1.05560632862
18 13.6132950908
6 2.10308645184
6 2.10308645184
8 3.42967508012
5 1.5425846568
4 1.05560632862
8 3.42967508012
5 1.5425846568
5 1.5425846568
4 1.05560632862
6 2.10308645184
4 1.05560632862
3 0.647300783992
18 13.6132950908
5 1.5425846568
10 5.01187233627
5 1.5425846568
4 1.05560632862
5 1.5425846568
49 74.7021903598
6 2.10308645184
7 2.73317014399
4 1.05560632862
7 2.73317014399
8 3.42967508012
4 1.05560632862
6 2.10308645184
5 1.5425846568
4 1.05560632862
7 2.73317014399
8 3.42967508012
4 1.05560632862
7 2.73317014399
11 5.89342233643
8 3.42967508012
13 7.82895323568
41 55.1737568253
67 127.153162019
3 0.647300783992
9 4.18998304957
3 0.647300783992
3 0.647300783992
5 1.5425846568
8 3.42967508012
59 102.435011326
21 17.6918317699
5 1.5425846568
6 2.10308645184
5 1.5425846568
7 2.73317014399
6 2.10308645184
9 4.18998304957
7 2.73317014399
7 2.73317014399
6 2.10308645184
8 3.42967508012
7 2.73317014399
88 202.125237239
4 1.05560632862
8 3.42967508012
5 1.5425846568
3 0.647300783992
4 1.05560632862
30 32.4418889254
10 5.01187233627
4 1.05560632862
4 1.05560632862
9 4.18998304957
4 1.05560632862
10 5.01187233627
15 9.98516257721
11 5.89342233643
5 1.5425846568
9 4.18998304957
4 1.05560632862
10 5.01187233627
5 1.5425846568
4 1.05560632862
7 2.73317014399
4 1.05560632862
4 1.05560632862
4 1.05560632862
5 1.5425846568
4 1.05560632862
13 7.82895323568
5 1.5425846568
10 5.01187233627
6 2.10308645184
3 0.647300783992
4 1.05560632862
4 1.05560632862
5 1.5425846568
4 1.05560632862
10 5.01187233627
13 7.82895323568
3 0.647300783992
4 1.05560632862
6 2.10308645184
4 1.05560632862
6 2.10308645184
16 11.1430472102
4 1.05560632862
6 2.10308645184
3 0.647300783992
19 14.9238584649
4 1.05560632862
4 1.05560632862
18 13.6132950908
44 62.2113391556
6 2.10308645184
5 1.5425846568
5 1.5425846568
13 7.82895323568
17 12.3527361841
4 1.05560632862
6 2.10308645184
7 2.73317014399
5 1.5425846568
6 2.10308645184
5 1.5425846568
18 13.6132950908
4 1.05560632862
7 2.73317014399
10 5.01187233627
13 7.82895323568
10 5.01187233627
4 1.05560632862
6 2.10308645184
5 1.5425846568
4 1.05560632862
5 1.5425846568
4 1.05560632862
19 14.9238584649
10 5.01187233627
3 0.647300783992
14 8.88009599641
4 1.05560632862
4 1.05560632862
17 12.3527361841
15 9.98516257721
3 0.647300783992
6 2.10308645184
5 1.5425846568
3 0.647300783992
6 2.10308645184
4 1.05560632862
3 0.647300783992
10 5.01187233627
5 1.5425846568
7 2.73317014399
5 1.5425846568
19 14.9238584649
5 1.5425846568
4 1.05560632862
9 4.18998304957
5 1.5425846568
7 2.73317014399
4 1.05560632862
5 1.5425846568
18 13.6132950908
5 1.5425846568
8 3.42967508012
6 2.10308645184
9 4.18998304957
6 2.10308645184
5 1.5425846568
4 1.05560632862
35 42.1614632854
5 1.5425846568
4 1.05560632862
12 6.83294804102
7 2.73317014399
4 1.05560632862
13 7.82895323568
9 4.18998304957
4 1.05560632862
6 2.10308645184
18 13.6132950908
8 3.42967508012
4 1.05560632862
6 2.10308645184
6 2.10308645184
4 1.05560632862
4 1.05560632862
4 1.05560632862
5 1.5425846568
4 1.05560632862
4 1.05560632862
4 1.05560632862
6 2.10308645184
7 2.73317014399
4 1.05560632862
13 7.82895323568
25 23.7956742339
4 1.05560632862
5 1.5425846568
7 2.73317014399
6 2.10308645184
4 1.05560632862
4 1.05560632862
16 11.1430472102
6 2.10308645184
8 3.42967508012
8 3.42967508012
4 1.05560632862
5 1.5425846568
4 1.05560632862
32 36.2038671968
4 1.05560632862
18 13.6132950908
20 16.2836212615
10 5.01187233627
4 1.05560632862
4 1.05560632862
4 1.05560632862
7 2.73317014399
15 9.98516257721
3 0.647300783992
7 2.73317014399
5 1.5425846568
4 1.05560632862
6 2.10308645184
3 0.647300783992
6 2.10308645184
7 2.73317014399
4 1.05560632862
3 0.647300783992
3 0.647300783992
12 6.83294804102
3 0.647300783992
4 1.05560632862
4 1.05560632862
5 1.5425846568
6 2.10308645184
9 4.18998304957
14 8.88009599641
7 2.73317014399
11 5.89342233643
4 1.05560632862
8 3.42967508012
5 1.5425846568
4 1.05560632862
3 0.647300783992
5 1.5425846568
8 3.42967508012
6 2.10308645184
4 1.05560632862
4 1.05560632862
65 120.768231402
7 2.73317014399
4 1.05560632862
7 2.73317014399
4 1.05560632862
8 3.42967508012
5 1.5425846568
4 1.05560632862
42 57.480931004
4 1.05560632862
12 6.83294804102
46 67.0947152148
10 5.01187233627
8 3.42967508012
12 6.83294804102
4 1.05560632862
5 1.5425846568
17 12.3527361841
9 4.18998304957
8 3.42967508012
5 1.5425846568
10 5.01187233627
4 1.05560632862
4 1.05560632862
11 5.89342233643
4 1.05560632862
4 1.05560632862
4 1.05560632862
3 0.647300783992
4 1.05560632862
6 2.10308645184
3 0.647300783992
8 3.42967508012
5 1.5425846568
7 2.73317014399
9 4.18998304957
4 1.05560632862
4 1.05560632862
5 1.5425846568
8 3.42967508012
4 1.05560632862
3 0.647300783992
4 1.05560632862
3 0.647300783992
4 1.05560632862
5 1.5425846568
5 1.5425846568
19 14.9238584649
4 1.05560632862
4 1.05560632862
4 1.05560632862
6 2.10308645184
5 1.5425846568
3 0.647300783992
4 1.05560632862
4 1.05560632862
10 5.01187233627
64 117.626711552
8 3.42967508012
6 2.10308645184
97 238.512941393
8 3.42967508012
6 2.10308645184
9 4.18998304957
13 7.82895323568
5 1.5425846568
10 5.01187233627
6 2.10308645184
5 1.5425846568
4 1.05560632862
4 1.05560632862
3 0.647300783992
7 2.73317014399
5 1.5425846568
75 154.029585873
5 1.5425846568
4 1.05560632862
5 1.5425846568
20 16.2836212615
3 0.647300783992
5 1.5425846568
8 3.42967508012
4 1.05560632862
6 2.10308645184
6 2.10308645184
4 1.05560632862
4 1.05560632862
6 2.10308645184
8 3.42967508012
5 1.5425846568
4 1.05560632862
5 1.5425846568
9 4.18998304957
4 1.05560632862
5 1.5425846568
5 1.5425846568
15 9.98516257721
3 0.647300783992
6 2.10308645184
3 0.647300783992
15 9.98516257721
5 1.5425846568
4 1.05560632862
4 1.05560632862
4 1.05560632862
9 4.18998304957
31 34.3016395949
22 19.147785662
40 52.905641564
9 4.18998304957
9 4.18998304957
3 0.647300783992
11 5.89342233643
13 7.82895323568
6 2.10308645184
6 2.10308645184
6 2.10308645184
3 0.647300783992
8 3.42967508012
28 28.8515170118
9 4.18998304957
4 1.05560632862
6 2.10308645184
5 1.5425846568
5 1.5425846568
4 1.05560632862
8 3.42967508012
4 1.05560632862
53 85.3628641365
3 0.647300783992
5 1.5425846568
22 19.147785662
4 1.05560632862
17 12.3527361841
5 1.5425846568
4 1.05560632862
4 1.05560632862
4 1.05560632862
12 6.83294804102
7 2.73317014399
9 4.18998304957
8 3.42967508012
5 1.5425846568
19 14.9238584649
4 1.05560632862
3 0.647300783992
3 0.647300783992
6 2.10308645184
6 2.10308645184
6 2.10308645184
76 157.537194429
5 1.5425846568
24 22.200313682
3 0.647300783992
4 1.05560632862
9 4.18998304957
4 1.05560632862
3 0.647300783992
3 0.647300783992
6 2.10308645184
9 4.18998304957
8 3.42967508012
7 2.73317014399
35 42.1614632854
8 3.42967508012
5 1.5425846568
34 40.1341582683
6 2.10308645184
3 0.647300783992
11 5.89342233643
4 1.05560632862
4 1.05560632862
4 1.05560632862
3 0.647300783992
5 1.5425846568
5 1.5425846568
4 1.05560632862
5 1.5425846568
4 1.05560632862
6 2.10308645184
3 0.647300783992
9 4.18998304957
5 1.5425846568
13 7.82895323568
14 8.88009599641
6 2.10308645184
4 1.05560632862
5 1.5425846568
33 38.1481689877
3 0.647300783992
4 1.05560632862
16 11.1430472102
8 3.42967508012
23 20.6508209504
4 1.05560632862
5 1.5425846568
4 1.05560632862
7 2.73317014399
4 1.05560632862
6 2.10308645184
7 2.73317014399
6 2.10308645184
35 42.1614632854
5 1.5425846568
12 6.83294804102
4 1.05560632862
5 1.5425846568
17 12.3527361841
4 1.05560632862
4 1.05560632862
3 0.647300783992
12 6.83294804102
4 1.05560632862
6 2.10308645184
3 0.647300783992
3 0.647300783992
25 23.7956742339
4 1.05560632862
14 8.88009599641
5 1.5425846568
12 6.83294804102
4 1.05560632862
5 1.5425846568
4 1.05560632862
4 1.05560632862
6 2.10308645184
4 1.05560632862
6 2.10308645184
8 3.42967508012
4 1.05560632862
7 2.73317014399
5 1.5425846568
6 2.10308645184
32 36.2038671968
5 1.5425846568
4 1.05560632862
6 2.10308645184
4 1.05560632862
4 1.05560632862
9 4.18998304957
6 2.10308645184
4 1.05560632862
11 5.89342233643
6 2.10308645184
5 1.5425846568
9 4.18998304957
8 3.42967508012
3 0.647300783992
7 2.73317014399
13 7.82895323568
5 1.5425846568
34 40.1341582683
3 0.647300783992
60 105.404008088
4 1.05560632862
15 9.98516257721
4 1.05560632862
5 1.5425846568
18 13.6132950908
4 1.05560632862
15 9.98516257721
8 3.42967508012
3 0.647300783992
27 27.121793129
5 1.5425846568
9 4.18998304957
5 1.5425846568
5 1.5425846568
7 2.73317014399
11 5.89342233643
4 1.05560632862
4 1.05560632862
6 2.10308645184
4 1.05560632862
19 14.9238584649
4 1.05560632862
5 1.5425846568
4 1.05560632862
7 2.73317014399
13 7.82895323568
9 4.18998304957
4 1.05560632862
20 16.2836212615
4 1.05560632862
5 1.5425846568
5 1.5425846568
4 1.05560632862
6 2.10308645184
4 1.05560632862
5 1.5425846568
4 1.05560632862
4 1.05560632862
6 2.10308645184
4 1.05560632862
6 2.10308645184
5 1.5425846568
5 1.5425846568
5 1.5425846568
4 1.05560632862
6 2.10308645184
7 2.73317014399
10 5.01187233627
21 17.6918317699
6 2.10308645184
3 0.647300783992
3 0.647300783992
4 1.05560632862
4 1.05560632862
3 0.647300783992
6 2.10308645184
5 1.5425846568
7 2.73317014399
6 2.10308645184
16 11.1430472102
5 1.5425846568
6 2.10308645184
4 1.05560632862
3 0.647300783992
15 9.98516257721
5 1.5425846568
6 2.10308645184
3 0.647300783992
4 1.05560632862
3 0.647300783992
6 2.10308645184
4 1.05560632862
9 4.18998304957
10 5.01187233627
4 1.05560632862
4 1.05560632862
4 1.05560632862
5 1.5425846568
5 1.5425846568
5 1.5425846568
21 17.6918317699
5 1.5425846568
7 2.73317014399
4 1.05560632862
4 1.05560632862
5 1.5425846568
7 2.73317014399
7 2.73317014399
11 5.89342233643
5 1.5425846568
6 2.10308645184
33 38.1481689877
6 2.10308645184
8 3.42967508012
6 2.10308645184
9 4.18998304957
12 6.83294804102
5 1.5425846568
5 1.5425846568
4 1.05560632862
6 2.10308645184
16 11.1430472102
5 1.5425846568
5 1.5425846568
4 1.05560632862
26 25.4363441066
4 1.05560632862
5 1.5425846568
8 3.42967508012
3 0.647300783992
12 6.83294804102
5 1.5425846568
10 5.01187233627
5 1.5425846568
5 1.5425846568
4 1.05560632862
13 7.82895323568
21 17.6918317699
9 4.18998304957
4 1.05560632862
13 7.82895323568
6 2.10308645184
6 2.10308645184
17 12.3527361841
10 5.01187233627
7 2.73317014399
4 1.05560632862
5 1.5425846568
5 1.5425846568
4 1.05560632862
8 3.42967508012
19 14.9238584649
5 1.5425846568
5 1.5425846568
103 264.133375817
6 2.10308645184
6 2.10308645184
4 1.05560632862
12 6.83294804102
5 1.5425846568
4 1.05560632862
11 5.89342233643
9 4.18998304957
4 1.05560632862
5 1.5425846568
13 7.82895323568
4 1.05560632862
15 9.98516257721
5 1.5425846568
9 4.18998304957
4 1.05560632862
4 1.05560632862
4 1.05560632862
23 20.6508209504
4 1.05560632862
3 0.647300783992
5 1.5425846568
8 3.42967508012
18 13.6132950908
7 2.73317014399
5 1.5425846568
8 3.42967508012
3 0.647300783992
14 8.88009599641
5 1.5425846568
64 117.626711552
4 1.05560632862
3 0.647300783992
11 5.89342233643
4 1.05560632862
11 5.89342233643
4 1.05560632862
15 9.98516257721
7 2.73317014399
4 1.05560632862
5 1.5425846568
21 17.6918317699
5 1.5425846568
5 1.5425846568
19 14.9238584649
9 4.18998304957
4 1.05560632862
5 1.5425846568
5 1.5425846568
7 2.73317014399
5 1.5425846568
6 2.10308645184
4 1.05560632862
37 46.3386023834
3 0.647300783992
4 1.05560632862
9 4.18998304957
4 1.05560632862
3 0.647300783992
24 22.200313682
4 1.05560632862
6 2.10308645184
4 1.05560632862
6 2.10308645184
3 0.647300783992
4 1.05560632862
4 1.05560632862
4 1.05560632862
16 11.1430472102
17 12.3527361841
5 1.5425846568
6 2.10308645184
4 1.05560632862
3 0.647300783992
4 1.05560632862
4 1.05560632862
6 2.10308645184
4 1.05560632862
4 1.05560632862
5 1.5425846568
16 11.1430472102
4 1.05560632862
7 2.73317014399
30 32.4418889254
4 1.05560632862
4 1.05560632862
4 1.05560632862
4 1.05560632862
5 1.5425846568
4 1.05560632862
5 1.5425846568
11 5.89342233643
7 2.73317014399
6 2.10308645184
5 1.5425846568
4 1.05560632862
4 1.05560632862
4 1.05560632862
4 1.05560632862
17 12.3527361841
3 0.647300783992
5 1.5425846568
8 3.42967508012
7 2.73317014399
5 1.5425846568
3 0.647300783992
5 1.5425846568
3 0.647300783992
7 2.73317014399
7 2.73317014399
9 4.18998304957
4 1.05560632862
3 0.647300783992
5 1.5425846568
5 1.5425846568
5 1.5425846568
5 1.5425846568
8 3.42967508012
4 1.05560632862
14 8.88009599641
4 1.05560632862
16 11.1430472102
6 2.10308645184
15 9.98516257721
4 1.05560632862
11 5.89342233643
6 2.10308645184
6 2.10308645184
10 5.01187233627
4 1.05560632862
3 0.647300783992
71 140.326338307
4 1.05560632862
5 1.5425846568
9 4.18998304957
13 7.82895323568
5 1.5425846568
4 1.05560632862
4 1.05560632862
11 5.89342233643
22 19.147785662
4 1.05560632862
10 5.01187233627
5 1.5425846568
14 8.88009599641
5 1.5425846568
17 12.3527361841
3 0.647300783992
4 1.05560632862
4 1.05560632862
5 1.5425846568
5 1.5425846568
4 1.05560632862
7 2.73317014399
4 1.05560632862
6 2.10308645184
5 1.5425846568
4 1.05560632862
4 1.05560632862
25 23.7956742339
3 0.647300783992
6 2.10308645184
14 8.88009599641
3 0.647300783992
11 5.89342233643
3 0.647300783992
13 7.82895323568
5 1.5425846568
3 0.647300783992
5 1.5425846568
4 1.05560632862
4 1.05560632862
36 44.2297262393
3 0.647300783992
5 1.5425846568
12 6.83294804102
10 5.01187233627
4 1.05560632862
3 0.647300783992
20 16.2836212615
13 7.82895323568
10 5.01187233627
4 1.05560632862
5 1.5425846568
3 0.647300783992
3 0.647300783992
3 0.647300783992
36 44.2297262393
14 8.88009599641
13 7.82895323568
17 12.3527361841
4 1.05560632862
5 1.5425846568
4 1.05560632862
4 1.05560632862
5 1.5425846568
4 1.05560632862
6 2.10308645184
4 1.05560632862
4 1.05560632862
4 1.05560632862
9 4.18998304957
4 1.05560632862
4 1.05560632862
19 14.9238584649
9 4.18998304957
4 1.05560632862
6 2.10308645184
7 2.73317014399
28 28.8515170118
3 0.647300783992
4 1.05560632862
4 1.05560632862
4 1.05560632862
7 2.73317014399
8 3.42967508012
11 5.89342233643
4 1.05560632862
4 1.05560632862
29 30.6250351918
18 13.6132950908
29 30.6250351918
5 1.5425846568
3 0.647300783992
3 0.647300783992
5 1.5425846568
4 1.05560632862
12 6.83294804102
32 36.2038671968
4 1.05560632862
16 11.1430472102
4 1.05560632862
4 1.05560632862
3 0.647300783992
20 16.2836212615
6 2.10308645184
22 19.147785662
5 1.5425846568
4 1.05560632862
11 5.89342233643
13 7.82895323568
50 77.3123736777
9 4.18998304957
6 2.10308645184
7 2.73317014399
4 1.05560632862
23 20.6508209504
4 1.05560632862
5 1.5425846568
4 1.05560632862
4 1.05560632862
5 1.5425846568
4 1.05560632862
6 2.10308645184
8 3.42967508012
5 1.5425846568
4 1.05560632862
4 1.05560632862
4 1.05560632862
7 2.73317014399
6 2.10308645184
5 1.5425846568
9 4.18998304957
4 1.05560632862
4 1.05560632862
8 3.42967508012
7 2.73317014399
5 1.5425846568
4 1.05560632862
4 1.05560632862
4 1.05560632862
5 1.5425846568
3 0.647300783992
11 5.89342233643
4 1.05560632862
5 1.5425846568
6 2.10308645184
5 1.5425846568
3 0.647300783992
73 147.112258258
5 1.5425846568
4 1.05560632862
12 6.83294804102
9 4.18998304957
10 5.01187233627
14 8.88009599641
4 1.05560632862
5 1.5425846568
4 1.05560632862
5 1.5425846568
11 5.89342233643
6 2.10308645184
4 1.05560632862
8 3.42967508012
5 1.5425846568
12 6.83294804102
7 2.73317014399
4 1.05560632862
107 281.8074188
12 6.83294804102
4 1.05560632862
8 3.42967508012
5 1.5425846568
18 13.6132950908
4 1.05560632862
16 11.1430472102
6 2.10308645184
5 1.5425846568
4 1.05560632862
4 1.05560632862
4 1.05560632862
3 0.647300783992
6 2.10308645184
4 1.05560632862
5 1.5425846568
10 5.01187233627
4 1.05560632862
5 1.5425846568
4 1.05560632862
5 1.5425846568
37 46.3386023834
19 14.9238584649
11 5.89342233643
5 1.5425846568
4 1.05560632862
6 2.10308645184
5 1.5425846568
16 11.1430472102
23 20.6508209504
6 2.10308645184
6 2.10308645184
11 5.89342233643
3 0.647300783992
7 2.73317014399
7 2.73317014399
5 1.5425846568
4 1.05560632862
4 1.05560632862
7 2.73317014399
4 1.05560632862
4 1.05560632862
12 6.83294804102
26 25.4363441066
3 0.647300783992
9 4.18998304957
5 1.5425846568
4 1.05560632862
5 1.5425846568
5 1.5425846568
4 1.05560632862
3 0.647300783992
8 3.42967508012
5 1.5425846568
7 2.73317014399
50 77.3123736777
6 2.10308645184
5 1.5425846568
13 7.82895323568
25 23.7956742339
6 2.10308645184
6 2.10308645184
4 1.05560632862
12 6.83294804102
12 6.83294804102
4 1.05560632862
6 2.10308645184
3 0.647300783992
4 1.05560632862
4 1.05560632862
4 1.05560632862
3 0.647300783992
65 120.768231402
10 5.01187233627
4 1.05560632862
12 6.83294804102
8 3.42967508012
7 2.73317014399
8 3.42967508012
3 0.647300783992
5 1.5425846568
4 1.05560632862
5 1.5425846568
4 1.05560632862
11 5.89342233643
4 1.05560632862
7 2.73317014399
7 2.73317014399
9 4.18998304957
9 4.18998304957
3 0.647300783992
10 5.01187233627
3 0.647300783992
5 1.5425846568
5 1.5425846568
15 9.98516257721
8 3.42967508012
5 1.5425846568
12 6.83294804102
5 1.5425846568
8 3.42967508012
10 5.01187233627
5 1.5425846568
3 0.647300783992
8 3.42967508012
3 0.647300783992
4 1.05560632862
460 3362.70147095
5 1.5425846568
82 179.260064789
5 1.5425846568
6 2.10308645184
5 1.5425846568
5 1.5425846568
14 8.88009599641
5 1.5425846568
4 1.05560632862
5 1.5425846568
9 4.18998304957
5 1.5425846568
5 1.5425846568
5 1.5425846568
3 0.647300783992
6 2.10308645184
10 5.01187233627
8 3.42967508012
4 1.05560632862
13 7.82895323568
11 5.89342233643
4 1.05560632862
4 1.05560632862
4 1.05560632862
6 2.10308645184
9 4.18998304957
5 1.5425846568
11 5.89342233643
4 1.05560632862
4 1.05560632862
4 1.05560632862
5 1.5425846568
4 1.05560632862
3 0.647300783992
4 1.05560632862
7 2.73317014399
6 2.10308645184
16 11.1430472102
6 2.10308645184
59 102.435011326
4 1.05560632862
4 1.05560632862
6 2.10308645184
15 9.98516257721
4 1.05560632862
6 2.10308645184
4 1.05560632862
27 27.121793129
24 22.200313682
38 48.4877592039
4 1.05560632862
10 5.01187233627
3 0.647300783992
4 1.05560632862
3 0.647300783992
8 3.42967508012
11 5.89342233643
5 1.5425846568
6 2.10308645184
7 2.73317014399
11 5.89342233643
5 1.5425846568
31 34.3016395949
9 4.18998304957
11 5.89342233643
9 4.18998304957
5 1.5425846568
19 14.9238584649
8 3.42967508012
8 3.42967508012
4 1.05560632862
5 1.5425846568
5 1.5425846568
4 1.05560632862
6 2.10308645184
11 5.89342233643
44 62.2113391556
7 2.73317014399
18 13.6132950908
4 1.05560632862
4 1.05560632862
7 2.73317014399
5 1.5425846568
4 1.05560632862
6 2.10308645184
8 3.42967508012
4 1.05560632862
15 9.98516257721
4 1.05560632862
5 1.5425846568
10 5.01187233627
6 2.10308645184
5 1.5425846568
4 1.05560632862
11 5.89342233643
7 2.73317014399
4 1.05560632862
4 1.05560632862
28 28.8515170118
4 1.05560632862
6 2.10308645184
10 5.01187233627
4 1.05560632862
6 2.10308645184
3 0.647300783992
5 1.5425846568
7 2.73317014399
4 1.05560632862
8 3.42967508012
4 1.05560632862
7 2.73317014399
4 1.05560632862
3 0.647300783992
8 3.42967508012
13 7.82895323568
4 1.05560632862
9 4.18998304957
3 0.647300783992
9 4.18998304957
10 5.01187233627
5 1.5425846568
6 2.10308645184
9 4.18998304957
3 0.647300783992
3 0.647300783992
15 9.98516257721
14 8.88009599641
6 2.10308645184
5 1.5425846568
6 2.10308645184
7 2.73317014399
5 1.5425846568
6 2.10308645184
7 2.73317014399
9 4.18998304957
6 2.10308645184
25 23.7956742339
5 1.5425846568
9 4.18998304957
10 5.01187233627
7 2.73317014399
7 2.73317014399
4 1.05560632862
5 1.5425846568
11 5.89342233643
4 1.05560632862
4 1.05560632862
5 1.5425846568
8 3.42967508012
4 1.05560632862
6 2.10308645184
3 0.647300783992
28 28.8515170118
4 1.05560632862
4 1.05560632862
7 2.73317014399
6 2.10308645184
15 9.98516257721
5 1.5425846568
5 1.5425846568
11 5.89342233643
4 1.05560632862
8 3.42967508012
7 2.73317014399
3 0.647300783992
5 1.5425846568
5 1.5425846568
8 3.42967508012
3 0.647300783992
19 14.9238584649
5 1.5425846568
5 1.5425846568
4 1.05560632862
4 1.05560632862
7 2.73317014399
4 1.05560632862
4 1.05560632862
3 0.647300783992
9 4.18998304957
5 1.5425846568
3 0.647300783992
7 2.73317014399
12 6.83294804102
3 0.647300783992
4 1.05560632862
8 3.42967508012
3 0.647300783992
5 1.5425846568
12 6.83294804102
3 0.647300783992
4 1.05560632862
6 2.10308645184
4 1.05560632862
4 1.05560632862
4 1.05560632862
3 0.647300783992
28 28.8515170118
7 2.73317014399
3 0.647300783992
5 1.5425846568
4 1.05560632862
5 1.5425846568
6 2.10308645184
10 5.01187233627
9 4.18998304957
38 48.4877592039
10 5.01187233627
50 77.3123736777
4 1.05560632862
4 1.05560632862
37 46.3386023834
7 2.73317014399
4 1.05560632862
5 1.5425846568
4 1.05560632862
5 1.5425846568
4 1.05560632862
11 5.89342233643
3 0.647300783992
21 17.6918317699
13 7.82895323568
23 20.6508209504
4 1.05560632862
4 1.05560632862
5 1.5425846568
4 1.05560632862
9 4.18998304957
45 64.6340356452
4 1.05560632862
5 1.5425846568
5 1.5425846568
4 1.05560632862
6 2.10308645184
6 2.10308645184
14 8.88009599641
4 1.05560632862
4 1.05560632862
8 3.42967508012
5 1.5425846568
5 1.5425846568
3 0.647300783992
6 2.10308645184
28 28.8515170118
4 1.05560632862
4 1.05560632862
4 1.05560632862
23 20.6508209504
21 17.6918317699
7 2.73317014399
7 2.73317014399
12 6.83294804102
4 1.05560632862
3 0.647300783992
8 3.42967508012
6 2.10308645184
4 1.05560632862
3 0.647300783992
7 2.73317014399
15 9.98516257721
4 1.05560632862
9 4.18998304957
34 40.1341582683
5 1.5425846568
5 1.5425846568
18 13.6132950908
24 22.200313682
4 1.05560632862
10 5.01187233627
26 25.4363441066
8 3.42967508012
602 5312.68461682
6 2.10308645184
3 0.647300783992
4 1.05560632862
9 4.18998304957
9 4.18998304957
8 3.42967508012
4 1.05560632862
4 1.05560632862
6 2.10308645184
8 3.42967508012
5 1.5425846568
7 2.73317014399
4 1.05560632862
6 2.10308645184
15 9.98516257721
6 2.10308645184
6 2.10308645184
15 9.98516257721
10 5.01187233627
7 2.73317014399
6 2.10308645184
3 0.647300783992
10 5.01187233627
5 1.5425846568
7 2.73317014399
3 0.647300783992
6 2.10308645184
8 3.42967508012
5 1.5425846568
6 2.10308645184
7 2.73317014399
5 1.5425846568
5 1.5425846568
7 2.73317014399
4 1.05560632862
4 1.05560632862
5 1.5425846568
56 93.7388553255
5 1.5425846568
4 1.05560632862
11 5.89342233643
4 1.05560632862
7 2.73317014399
6 2.10308645184
80 171.890936564
4 1.05560632862
19 14.9238584649
3 0.647300783992
8 3.42967508012
6 2.10308645184
10 5.01187233627
50 77.3123736777
4 1.05560632862
4 1.05560632862
6 2.10308645184
10 5.01187233627
7 2.73317014399
5 1.5425846568
5 1.5425846568
3 0.647300783992
6 2.10308645184
5 1.5425846568
31 34.3016395949
5 1.5425846568
3 0.647300783992
3 0.647300783992
3 0.647300783992
3 0.647300783992
5 1.5425846568
11 5.89342233643
51 79.9593581641
5 1.5425846568
5 1.5425846568
5 1.5425846568
4 1.05560632862
12 6.83294804102
13 7.82895323568
28 28.8515170118
4 1.05560632862
9 4.18998304957
27 27.121793129
11 5.89342233643
4 1.05560632862
4 1.05560632862
3 0.647300783992
8 3.42967508012
4 1.05560632862
10 5.01187233627
5 1.5425846568
10 5.01187233627
5 1.5425846568
12 6.83294804102
9 4.18998304957
10 5.01187233627
5 1.5425846568
4 1.05560632862
22 19.147785662
5 1.5425846568
9 4.18998304957
4 1.05560632862
5 1.5425846568
20 16.2836212615
5 1.5425846568
4 1.05560632862
13 7.82895323568
6 2.10308645184
3 0.647300783992
5 1.5425846568
3 0.647300783992
16 11.1430472102
6 2.10308645184
4 1.05560632862
16 11.1430472102
16 11.1430472102
9 4.18998304957
23 20.6508209504
4 1.05560632862
52 82.6429258204
4 1.05560632862
6 2.10308645184
14 8.88009599641
3 0.647300783992
7 2.73317014399
4 1.05560632862
7 2.73317014399
14 8.88009599641
5 1.5425846568
4 1.05560632862
3 0.647300783992
7 2.73317014399
10 5.01187233627
18 13.6132950908
12 6.83294804102
29 30.6250351918
5 1.5425846568
181 688.73725803
5 1.5425846568
29 30.6250351918
12 6.83294804102
7 2.73317014399
8 3.42967508012
5 1.5425846568
4 1.05560632862
8 3.42967508012
4 1.05560632862
81 175.559579557
3 0.647300783992
3 0.647300783992
4 1.05560632862
4 1.05560632862
4 1.05560632862
30 32.4418889254
8 3.42967508012
34 40.1341582683
4 1.05560632862
7 2.73317014399
6 2.10308645184
14 8.88009599641
8 3.42967508012
4 1.05560632862
47 69.5931282143
5 1.5425846568
9 4.18998304957
14 8.88009599641
6 2.10308645184
4 1.05560632862
7 2.73317014399
8 3.42967508012
9 4.18998304957
5 1.5425846568
13 7.82895323568
5 1.5425846568
4 1.05560632862
4 1.05560632862
151 506.128520233
6 2.10308645184
5 1.5425846568
6 2.10308645184
21 17.6918317699
3 0.647300783992
5 1.5425846568
5 1.5425846568
23 20.6508209504
5 1.5425846568
3 0.647300783992
4 1.05560632862
7 2.73317014399
4 1.05560632862
4 1.05560632862
4 1.05560632862
6 2.10308645184
8 3.42967508012
3 0.647300783992
8 3.42967508012
18 13.6132950908
22 19.147785662
39 50.676875673
7 2.73317014399
3 0.647300783992
9 4.18998304957
11 5.89342233643
4 1.05560632862
5 1.5425846568
10 5.01187233627
6 2.10308645184
9 4.18998304957
4 1.05560632862
15 9.98516257721
6 2.10308645184
3 0.647300783992
3 0.647300783992
9 4.18998304957
3 0.647300783992
35 42.1614632854
4 1.05560632862
11 5.89342233643
4 1.05560632862
5 1.5425846568
6 2.10308645184
4 1.05560632862
4 1.05560632862
3 0.647300783992
5 1.5425846568
13 7.82895323568
4 1.05560632862
10 5.01187233627
3 0.647300783992
6 2.10308645184
5 1.5425846568
4 1.05560632862
5 1.5425846568
8 3.42967508012
3 0.647300783992
4 1.05560632862
4 1.05560632862
4 1.05560632862
4 1.05560632862
7 2.73317014399
9 4.18998304957
7 2.73317014399
5 1.5425846568
3 0.647300783992
5 1.5425846568
19 14.9238584649
12 6.83294804102
5 1.5425846568
4 1.05560632862
5 1.5425846568
4 1.05560632862
20 16.2836212615
6 2.10308645184
7 2.73317014399
8 3.42967508012
8 3.42967508012
10 5.01187233627
65 120.768231402
6 2.10308645184
6 2.10308645184
6 2.10308645184
3 0.647300783992
9 4.18998304957
10 5.01187233627
43 59.8268827158
4 1.05560632862
4 1.05560632862
4 1.05560632862
8 3.42967508012
7 2.73317014399
30 32.4418889254
8 3.42967508012
3 0.647300783992
4 1.05560632862
5 1.5425846568
9 4.18998304957
4 1.05560632862
4 1.05560632862
5 1.5425846568
4 1.05560632862
4 1.05560632862
4 1.05560632862
9 4.18998304957
4 1.05560632862
10 5.01187233627
4 1.05560632862
4 1.05560632862
5 1.5425846568
4 1.05560632862
31 34.3016395949
3 0.647300783992
4 1.05560632862
11 5.89342233643
4 1.05560632862
4 1.05560632862
5 1.5425846568
6 2.10308645184
14 8.88009599641
33 38.1481689877
6 2.10308645184
15 9.98516257721
4 1.05560632862
7 2.73317014399
4 1.05560632862
4 1.05560632862
4 1.05560632862
11 5.89342233643
4 1.05560632862
6 2.10308645184
4 1.05560632862
4 1.05560632862
11 5.89342233643
6 2.10308645184
11 5.89342233643
4 1.05560632862
3 0.647300783992
8 3.42967508012
32 36.2038671968
13 7.82895323568
9 4.18998304957
12 6.83294804102
6 2.10308645184
16 11.1430472102
10 5.01187233627
5 1.5425846568
14 8.88009599641
10 5.01187233627
6 2.10308645184
7 2.73317014399
6 2.10308645184
12 6.83294804102
3 0.647300783992
4 1.05560632862
5 1.5425846568
4 1.05560632862
5 1.5425846568
20 16.2836212615
11 5.89342233643
10 5.01187233627
4 1.05560632862
9 4.18998304957
9 4.18998304957
4 1.05560632862
4 1.05560632862
12 6.83294804102
4 1.05560632862
4 1.05560632862
8 3.42967508012
6 2.10308645184
9 4.18998304957
4 1.05560632862
6 2.10308645184
6 2.10308645184
13 7.82895323568
4 1.05560632862
19 14.9238584649
4 1.05560632862
248 1176.43478526
149 494.78514959
10 5.01187233627
6 2.10308645184
5 1.5425846568
70 136.98299835
6 2.10308645184
4 1.05560632862
4 1.05560632862
3 0.647300783992
4 1.05560632862
5 1.5425846568
4 1.05560632862
7 2.73317014399
4 1.05560632862
9 4.18998304957
4 1.05560632862
15 9.98516257721
14 8.88009599641
21 17.6918317699
9 4.18998304957
3 0.647300783992
4 1.05560632862
4 1.05560632862
6 2.10308645184
4 1.05560632862
4 1.05560632862
22 19.147785662
4 1.05560632862
4 1.05560632862
5 1.5425846568
10 5.01187233627
13 7.82895323568
4 1.05560632862
3 0.647300783992
3 0.647300783992
4 1.05560632862
14 8.88009599641
4 1.05560632862
7 2.73317014399
40 52.905641564
4 1.05560632862
6 2.10308645184
29 30.6250351918
17 12.3527361841
6 2.10308645184
10 5.01187233627
8 3.42967508012
5 1.5425846568
8 3.42967508012
22 19.147785662
4 1.05560632862
6 2.10308645184
6 2.10308645184
23 20.6508209504
4 1.05560632862
8 3.42967508012
7 2.73317014399
10 5.01187233627
4 1.05560632862
8 3.42967508012
4 1.05560632862
14 8.88009599641
5 1.5425846568
6 2.10308645184
6 2.10308645184
10 5.01187233627
24 22.200313682
4 1.05560632862
3 0.647300783992
5 1.5425846568
5 1.5425846568
5 1.5425846568
16 11.1430472102
4 1.05560632862
5 1.5425846568
10 5.01187233627
10 5.01187233627
4 1.05560632862
6 2.10308645184
4 1.05560632862
8 3.42967508012
17 12.3527361841
9 4.18998304957
9 4.18998304957
4 1.05560632862
8 3.42967508012
4 1.05560632862
3 0.647300783992
5 1.5425846568
7 2.73317014399
7 2.73317014399
7 2.73317014399
5 1.5425846568
10 5.01187233627
9 4.18998304957
33 38.1481689877
6 2.10308645184
3 0.647300783992
5 1.5425846568
8 3.42967508012
15 9.98516257721
6 2.10308645184
8 3.42967508012
4 1.05560632862
4 1.05560632862
4 1.05560632862
4 1.05560632862
6 2.10308645184
4 1.05560632862
7 2.73317014399
5 1.5425846568
11 5.89342233643
63 114.519365749
8 3.42967508012
14 8.88009599641
4 1.05560632862
4 1.05560632862
5 1.5425846568
3 0.647300783992
4 1.05560632862
3 0.647300783992
5 1.5425846568
32 36.2038671968
5 1.5425846568
4 1.05560632862
4 1.05560632862
3 0.647300783992
5 1.5425846568
3 0.647300783992
7 2.73317014399
4 1.05560632862
99 246.933396936
6 2.10308645184
10 5.01187233627
4 1.05560632862
5 1.5425846568
5 1.5425846568
11 5.89342233643
7 2.73317014399
10 5.01187233627
4 1.05560632862
8 3.42967508012
8 3.42967508012
12 6.83294804102
6 2.10308645184
11 5.89342233643
12 6.83294804102
3 0.647300783992
6 2.10308645184
7 2.73317014399
11 5.89342233643
4 1.05560632862
3 0.647300783992
4 1.05560632862
8 3.42967508012
4 1.05560632862
4 1.05560632862
3 0.647300783992
16 11.1430472102
3 0.647300783992
3 0.647300783992
4 1.05560632862
5 1.5425846568
19 14.9238584649
3 0.647300783992
8 3.42967508012
26 25.4363441066
7 2.73317014399
5 1.5425846568
4 1.05560632862
10 5.01187233627
3 0.647300783992
7 2.73317014399
9 4.18998304957
7 2.73317014399
6 2.10308645184
295 1580.1467679
3 0.647300783992
13 7.82895323568
9 4.18998304957
4 1.05560632862
7 2.73317014399
4 1.05560632862
7 2.73317014399
7 2.73317014399
3 0.647300783992
3 0.647300783992
5 1.5425846568
23 20.6508209504
13 7.82895323568
8 3.42967508012
9 4.18998304957
4 1.05560632862
6 2.10308645184
5 1.5425846568
14 8.88009599641
48 72.1290319522
4 1.05560632862
9 4.18998304957
7 2.73317014399
4 1.05560632862
14 8.88009599641
5 1.5425846568
5 1.5425846568
8 3.42967508012
4 1.05560632862
7 2.73317014399
11 5.89342233643
8 3.42967508012
5 1.5425846568
3 0.647300783992
4 1.05560632862
31 34.3016395949
4 1.05560632862
3 0.647300783992
6 2.10308645184
4 1.05560632862
3 0.647300783992
4 1.05560632862
4 1.05560632862
6 2.10308645184
4 1.05560632862
25 23.7956742339
8 3.42967508012
8 3.42967508012
7 2.73317014399
3 0.647300783992
5 1.5425846568
4 1.05560632862
4 1.05560632862
4 1.05560632862
8 3.42967508012
4 1.05560632862
4 1.05560632862
11 5.89342233643
4 1.05560632862
5 1.5425846568
28 28.8515170118
8 3.42967508012
4 1.05560632862
5 1.5425846568
5 1.5425846568
15 9.98516257721
4 1.05560632862
4 1.05560632862
4 1.05560632862
11 5.89342233643
23 20.6508209504
7 2.73317014399
3 0.647300783992
4 1.05560632862
6 2.10308645184
7 2.73317014399
5 1.5425846568
4 1.05560632862
4 1.05560632862
3 0.647300783992
3 0.647300783992
6 2.10308645184
5 1.5425846568
11 5.89342233643
5 1.5425846568
4 1.05560632862
5 1.5425846568
3 0.647300783992
5 1.5425846568
8 3.42967508012
5 1.5425846568
13 7.82895323568
4 1.05560632862
4 1.05560632862
4 1.05560632862
6 2.10308645184
4 1.05560632862
4 1.05560632862
15 9.98516257721
8 3.42967508012
3 0.647300783992
6 2.10308645184
3 0.647300783992
5 1.5425846568
18 13.6132950908
4 1.05560632862
5 1.5425846568
5 1.5425846568
3 0.647300783992
4 1.05560632862
8 3.42967508012
7 2.73317014399
6 2.10308645184
4 1.05560632862
64 117.626711552
4 1.05560632862
5 1.5425846568
18 13.6132950908
10 5.01187233627
4 1.05560632862
62 111.44635584
6 2.10308645184
4 1.05560632862
24 22.200313682
3 0.647300783992
11 5.89342233643
6 2.10308645184
15 9.98516257721
4 1.05560632862
3 0.647300783992
4 1.05560632862
4 1.05560632862
6 2.10308645184
3 0.647300783992
5 1.5425846568
3 0.647300783992
17 12.3527361841
9 4.18998304957
4 1.05560632862
4 1.05560632862
5 1.5425846568
3 0.647300783992
5 1.5425846568
6 2.10308645184
4 1.05560632862
11 5.89342233643
4 1.05560632862
6 2.10308645184
4 1.05560632862
7 2.73317014399
7 2.73317014399
5 1.5425846568
8 3.42967508012
3 0.647300783992
4 1.05560632862
8 3.42967508012
5 1.5425846568
5 1.5425846568
13 7.82895323568
3 0.647300783992
16 11.1430472102
7 2.73317014399
5 1.5425846568
3 0.647300783992
6 2.10308645184
4 1.05560632862
8 3.42967508012
6 2.10308645184
5 1.5425846568
4 1.05560632862
5 1.5425846568
6 2.10308645184
4 1.05560632862
12 6.83294804102
7 2.73317014399
4 1.05560632862
4 1.05560632862
3 0.647300783992
5 1.5425846568
5 1.5425846568
6 2.10308645184
5 1.5425846568
3 0.647300783992
5 1.5425846568
11 5.89342233643
3 0.647300783992
4 1.05560632862
9 4.18998304957
189 741.284752316
4 1.05560632862
5 1.5425846568
7 2.73317014399
4 1.05560632862
13 7.82895323568
7 2.73317014399
13 7.82895323568
6 2.10308645184
4 1.05560632862
14 8.88009599641
3 0.647300783992
129 387.259880858
3 0.647300783992
4 1.05560632862
8 3.42967508012
13 7.82895323568
5 1.5425846568
8 3.42967508012
7 2.73317014399
5 1.5425846568
7 2.73317014399
5 1.5425846568
12 6.83294804102
5 1.5425846568
4 1.05560632862
5 1.5425846568
4 1.05560632862
8 3.42967508012
8 3.42967508012
27 27.121793129
6 2.10308645184
7 2.73317014399
3 0.647300783992
4 1.05560632862
7 2.73317014399
4 1.05560632862
11 5.89342233643
8 3.42967508012
20 16.2836212615
4 1.05560632862
7 2.73317014399
4 1.05560632862
5 1.5425846568
12 6.83294804102
3 0.647300783992
11 5.89342233643
10 5.01187233627
5 1.5425846568
3 0.647300783992
3 0.647300783992
3 0.647300783992
13 7.82895323568
6 2.10308645184
8 3.42967508012
5 1.5425846568
5 1.5425846568
4 1.05560632862
5 1.5425846568
33 38.1481689877
3 0.647300783992
7 2.73317014399
4 1.05560632862
5 1.5425846568
4 1.05560632862
4 1.05560632862
5 1.5425846568
11 5.89342233643
7 2.73317014399
4 1.05560632862
4 1.05560632862
4 1.05560632862
30 32.4418889254
8 3.42967508012
5 1.5425846568
4 1.05560632862
11 5.89342233643
3 0.647300783992
4 1.05560632862
3 0.647300783992
6 2.10308645184
4 1.05560632862
4 1.05560632862
35 42.1614632854
3 0.647300783992
4 1.05560632862
5 1.5425846568
8 3.42967508012
9 4.18998304957
12 6.83294804102
4 1.05560632862
9 4.18998304957
4 1.05560632862
8 3.42967508012
4 1.05560632862
5 1.5425846568
7 2.73317014399
10 5.01187233627
4 1.05560632862
4 1.05560632862
14 8.88009599641
4 1.05560632862
4 1.05560632862
73 147.112258258
4 1.05560632862
13 7.82895323568
5 1.5425846568
5 1.5425846568
6 2.10308645184
10 5.01187233627
4 1.05560632862
8 3.42967508012
5 1.5425846568
32 36.2038671968
17 12.3527361841
4 1.05560632862
4 1.05560632862
4 1.05560632862
6 2.10308645184
12 6.83294804102
13 7.82895323568
6 2.10308645184
5 1.5425846568
4 1.05560632862
6 2.10308645184
7 2.73317014399
4 1.05560632862
4 1.05560632862
11 5.89342233643
4 1.05560632862
3 0.647300783992
10 5.01187233627
3 0.647300783992
3 0.647300783992
5 1.5425846568
6 2.10308645184
5 1.5425846568
8 3.42967508012
4 1.05560632862
6 2.10308645184
6 2.10308645184
6 2.10308645184
8 3.42967508012
3 0.647300783992
7 2.73317014399
5 1.5425846568
4 1.05560632862
4 1.05560632862
4 1.05560632862
11 5.89342233643
3 0.647300783992
4 1.05560632862
9 4.18998304957
4 1.05560632862
4 1.05560632862
9 4.18998304957
9 4.18998304957
26 25.4363441066
16 11.1430472102
15 9.98516257721
4 1.05560632862
4 1.05560632862
4 1.05560632862
13 7.82895323568
8 3.42967508012
4 1.05560632862
4 1.05560632862
6 2.10308645184
9 4.18998304957
4 1.05560632862
4 1.05560632862
3 0.647300783992
6 2.10308645184
12 6.83294804102
13 7.82895323568
40 52.905641564
5 1.5425846568
6 2.10308645184
4 1.05560632862
6 2.10308645184
5 1.5425846568
5 1.5425846568
8 3.42967508012
12 6.83294804102
29 30.6250351918
4 1.05560632862
5 1.5425846568
4 1.05560632862
33 38.1481689877
5 1.5425846568
5 1.5425846568
4 1.05560632862
6 2.10308645184
6 2.10308645184
11 5.89342233643
5 1.5425846568
8 3.42967508012
6 2.10308645184
3 0.647300783992
11 5.89342233643
6 2.10308645184
11 5.89342233643
5 1.5425846568
7 2.73317014399
13 7.82895323568
21 17.6918317699
13 7.82895323568
8 3.42967508012
10 5.01187233627
4 1.05560632862
4 1.05560632862
4 1.05560632862
5 1.5425846568
4 1.05560632862
5 1.5425846568
4 1.05560632862
4 1.05560632862
13 7.82895323568
12 6.83294804102
7 2.73317014399
3 0.647300783992
4 1.05560632862
14 8.88009599641
7 2.73317014399
4 1.05560632862
6 2.10308645184
4 1.05560632862
98 242.708132531
4 1.05560632862
21 17.6918317699
12 6.83294804102
6 2.10308645184
4 1.05560632862
5 1.5425846568
5 1.5425846568
4 1.05560632862
3 0.647300783992
12 6.83294804102
4 1.05560632862
7 2.73317014399
6 2.10308645184
6 2.10308645184
4 1.05560632862
3 0.647300783992
9 4.18998304957
5 1.5425846568
5 1.5425846568
4 1.05560632862
4 1.05560632862
6 2.10308645184
37 46.3386023834
6 2.10308645184
8 3.42967508012
8 3.42967508012
8 3.42967508012
11 5.89342233643
5 1.5425846568
3 0.647300783992
8 3.42967508012
4 1.05560632862
6 2.10308645184
4 1.05560632862
4 1.05560632862
21 17.6918317699
4 1.05560632862
8 3.42967508012
5 1.5425846568
