2 0.324900958542
2 0.324900958542
5 1.5425846568
79 168.254254705
2 0.324900958542
2 0.324900958542
3 0.647300783992
4 1.05560632862
5 1.5425846568
2 0.324900958542
17 12.3527361841
3 0.647300783992
2 0.324900958542
3 0.647300783992
3 0.647300783992
1 0.1
2 0.324900958542
11 5.89342233643
3 0.647300783992
2 0.324900958542
2 0.324900958542
5 1.5425846568
8 3.42967508012
1 0.1
4 1.05560632862
1 0.1
9 4.18998304957
1 0.1
10 5.01187233627
2 0.324900958542
8 3.42967508012
3 0.647300783992
1 0.1
16 11.1430472102
1 0.1
3 0.647300783992
1 0.1
2 0.324900958542
5 1.5425846568
2 0.324900958542
2 0.324900958542
8 3.42967508012
2 0.324900958542
1 0.1
2 0.324900958542
4 1.05560632862
2 0.324900958542
7 2.73317014399
2 0.324900958542
53 85.3628641365
23 20.6508209504
3 0.647300783992
2 0.324900958542
4 1.05560632862
2 0.324900958542
1 0.1
3 0.647300783992
2 0.324900958542
3 0.647300783992
3 0.647300783992
2 0.324900958542
6 2.10308645184
2 0.324900958542
23 20.6508209504
1 0.1
2 0.324900958542
1 0.1
2 0.324900958542
1 0.1
4 1.05560632862
2 0.324900958542
2 0.324900958542
6 2.10308645184
1 0.1
7 2.73317014399
128 382.170313333
12 6.83294804102
17 12.3527361841
3 0.647300783992
29 30.6250351918
25 23.7956742339
7 2.73317014399
43 59.8268827158
11 5.89342233643
5 1.5425846568
1 0.1
6 2.10308645184
4 1.05560632862
2 0.324900958542
7 2.73317014399
2 0.324900958542
4 1.05560632862
1 0.1
1 0.1
4 1.05560632862
4 1.05560632862
2 0.324900958542
3 0.647300783992
14 8.88009599641
8 3.42967508012
1 0.1
13 7.82895323568
2 0.324900958542
1 0.1
1 0.1
15 9.98516257721
16 11.1430472102
3 0.647300783992
2 0.324900958542
1 0.1
2 0.324900958542
74 150.554563319
3 0.647300783992
8 3.42967508012
1 0.1
2 0.324900958542
1 0.1
6 2.10308645184
2 0.324900958542
3 0.647300783992
3 0.647300783992
4 1.05560632862
3 0.647300783992
2 0.324900958542
2 0.324900958542
1 0.1
2 0.324900958542
10 5.01187233627
2 0.324900958542
2 0.324900958542
2 0.324900958542
10 5.01187233627
1 0.1
1 0.1
3 0.647300783992
2 0.324900958542
8 3.42967508012
1 0.1
2 0.324900958542
3 0.647300783992
2 0.324900958542
8 3.42967508012
1 0.1
46 67.0947152148
2 0.324900958542
4 1.05560632862
4 1.05560632862
3 0.647300783992
5 1.5425846568
2 0.324900958542
6 2.10308645184
2 0.324900958542
1 0.1
7 2.73317014399
2 0.324900958542
2 0.324900958542
20 16.2836212615
1 0.1
3 0.647300783992
7 2.73317014399
3 0.647300783992
6 2.10308645184
1 0.1
11 5.89342233643
7 2.73317014399
11 5.89342233643
7 2.73317014399
2 0.324900958542
37 46.3386023834
2 0.324900958542
1 0.1
3 0.647300783992
2 0.324900958542
1 0.1
2 0.324900958542
9 4.18998304957
6 2.10308645184
15 9.98516257721
4 1.05560632862
21 17.6918317699
5 1.5425846568
3 0.647300783992
130 392.377141439
12 6.83294804102
1 0.1
2 0.324900958542
6 2.10308645184
2 0.324900958542
4 1.05560632862
1 0.1
2 0.324900958542
32 36.2038671968
10 5.01187233627
1 0.1
3 0.647300783992
11 5.89342233643
12 6.83294804102
7 2.73317014399
1 0.1
42 57.480931004
4 1.05560632862
2 0.324900958542
3 0.647300783992
12 6.83294804102
4 1.05560632862
24 22.200313682
1 0.1
4 1.05560632862
98 242.708132531
3 0.647300783992
5 1.5425846568
2 0.324900958542
15 9.98516257721
1 0.1
2 0.324900958542
2 0.324900958542
8 3.42967508012
2 0.324900958542
6 2.10308645184
8 3.42967508012
2 0.324900958542
7 2.73317014399
3 0.647300783992
2 0.324900958542
2 0.324900958542
2 0.324900958542
2 0.324900958542
2 0.324900958542
3 0.647300783992
3 0.647300783992
4 1.05560632862
17 12.3527361841
3 0.647300783992
5 1.5425846568
1 0.1
19 14.9238584649
1 0.1
1 0.1
2 0.324900958542
2 0.324900958542
2 0.324900958542
3 0.647300783992
3 0.647300783992
4 1.05560632862
2 0.324900958542
2 0.324900958542
8 3.42967508012
5 1.5425846568
1 0.1
2 0.324900958542
3 0.647300783992
15 9.98516257721
5 1.5425846568
27 27.121793129
14 8.88009599641
2 0.324900958542
4 1.05560632862
3 0.647300783992
3 0.647300783992
3 0.647300783992
3 0.647300783992
3 0.647300783992
8 3.42967508012
5 1.5425846568
2 0.324900958542
4 1.05560632862
36 44.2297262393
2 0.324900958542
13 7.82895323568
12 6.83294804102
38 48.4877592039
4 1.05560632862
2 0.324900958542
15 9.98516257721
2 0.324900958542
6 2.10308645184
2 0.324900958542
2 0.324900958542
7 2.73317014399
11 5.89342233643
2 0.324900958542
1 0.1
8 3.42967508012
2 0.324900958542
1 0.1
2 0.324900958542
13 7.82895323568
3 0.647300783992
5 1.5425846568
15 9.98516257721
1 0.1
2 0.324900958542
3 0.647300783992
2 0.324900958542
2 0.324900958542
2 0.324900958542
1 0.1
2 0.324900958542
47 69.5931282143
16 11.1430472102
2 0.324900958542
3 0.647300783992
1 0.1
16 11.1430472102
1 0.1
18 13.6132950908
6 2.10308645184
12 6.83294804102
2 0.324900958542
10 5.01187233627
2 0.324900958542
2 0.324900958542
6 2.10308645184
2 0.324900958542
1 0.1
3 0.647300783992
4 1.05560632862
1 0.1
4 1.05560632862
4 1.05560632862
2 0.324900958542
3 0.647300783992
3 0.647300783992
4 1.05560632862
2 0.324900958542
2 0.324900958542
8 3.42967508012
1 0.1
3 0.647300783992
1 0.1
2 0.324900958542
4 1.05560632862
1 0.1
20 16.2836212615
11 5.89342233643
1 0.1
1 0.1
2 0.324900958542
4 1.05560632862
146 477.969137215
17 12.3527361841
5 1.5425846568
1 0.1
2 0.324900958542
4 1.05560632862
3 0.647300783992
21 17.6918317699
17 12.3527361841
7 2.73317014399
4 1.05560632862
2 0.324900958542
2 0.324900958542
2 0.324900958542
3 0.647300783992
4 1.05560632862
4 1.05560632862
5 1.5425846568
88 202.125237239
7 2.73317014399
5 1.5425846568
1 0.1
2 0.324900958542
35 42.1614632854
2 0.324900958542
519 4128.42603665
2 0.324900958542
1 0.1
16 11.1430472102
7 2.73317014399
1 0.1
2 0.324900958542
3 0.647300783992
2 0.324900958542
2 0.324900958542
2 0.324900958542
2 0.324900958542
3 0.647300783992
3 0.647300783992
1 0.1
4 1.05560632862
2 0.324900958542
2 0.324900958542
2 0.324900958542
3 0.647300783992
2 0.324900958542
8 3.42967508012
2 0.324900958542
6 2.10308645184
1 0.1
20 16.2836212615
2 0.324900958542
3 0.647300783992
5 1.5425846568
3 0.647300783992
7 2.73317014399
7 2.73317014399
5 1.5425846568
2 0.324900958542
13 7.82895323568
3 0.647300783992
2 0.324900958542
1 0.1
4 1.05560632862
3 0.647300783992
1 0.1
2 0.324900958542
1 0.1
2 0.324900958542
1 0.1
4 1.05560632862
2 0.324900958542
10 5.01187233627
4 1.05560632862
3 0.647300783992
2 0.324900958542
11 5.89342233643
1 0.1
1 0.1
2 0.324900958542
9 4.18998304957
5 1.5425846568
3 0.647300783992
2 0.324900958542
28 28.8515170118
23 20.6508209504
7 2.73317014399
2 0.324900958542
9 4.18998304957
2 0.324900958542
1 0.1
2 0.324900958542
2 0.324900958542
2 0.324900958542
6 2.10308645184
22 19.147785662
3 0.647300783992
6 2.10308645184
2 0.324900958542
3 0.647300783992
1 0.1
1 0.1
2 0.324900958542
2 0.324900958542
2 0.324900958542
1 0.1
2 0.324900958542
2 0.324900958542
2 0.324900958542
1 0.1
134 413.121842215
2 0.324900958542
2 0.324900958542
2 0.324900958542
5 1.5425846568
3 0.647300783992
2 0.324900958542
3 0.647300783992
1 0.1
2 0.324900958542
2 0.324900958542
2 0.324900958542
5 1.5425846568
3 0.647300783992
2 0.324900958542
2 0.324900958542
1 0.1
6 2.10308645184
1 0.1
1 0.1
3 0.647300783992
1 0.1
2 0.324900958542
2 0.324900958542
1 0.1
1 0.1
8 3.42967508012
1 0.1
19 14.9238584649
1 0.1
2 0.324900958542
3 0.647300783992
3 0.647300783992
2 0.324900958542
3 0.647300783992
19 14.9238584649
1 0.1
4 1.05560632862
2 0.324900958542
2 0.324900958542
2 0.324900958542
7 2.73317014399
17 12.3527361841
2 0.324900958542
4 1.05560632862
4 1.05560632862
6 2.10308645184
1 0.1
3 0.647300783992
2 0.324900958542
1 0.1
6 2.10308645184
8 3.42967508012
8 3.42967508012
8 3.42967508012
4 1.05560632862
7 2.73317014399
5 1.5425846568
1 0.1
2 0.324900958542
7 2.73317014399
15 9.98516257721
3 0.647300783992
5 1.5425846568
1 0.1
3 0.647300783992
10 5.01187233627
2 0.324900958542
2 0.324900958542
2 0.324900958542
1 0.1
2 0.324900958542
6 2.10308645184
1 0.1
2 0.324900958542
2 0.324900958542
1 0.1
5 1.5425846568
6 2.10308645184
4 1.05560632862
3 0.647300783992
1 0.1
1 0.1
3 0.647300783992
2 0.324900958542
1 0.1
2 0.324900958542
2 0.324900958542
1 0.1
1 0.1
1 0.1
7 2.73317014399
6 2.10308645184
2 0.324900958542
1 0.1
2 0.324900958542
6 2.10308645184
2 0.324900958542
1 0.1
2 0.324900958542
4 1.05560632862
2 0.324900958542
4 1.05560632862
7 2.73317014399
27 27.121793129
2 0.324900958542
2 0.324900958542
3 0.647300783992
23 20.6508209504
6 2.10308645184
4 1.05560632862
7 2.73317014399
1 0.1
19 14.9238584649
251 1200.7299032
2 0.324900958542
13 7.82895323568
2 0.324900958542
4 1.05560632862
2 0.324900958542
374 2365.27544792
3 0.647300783992
6 2.10308645184
2 0.324900958542
17 12.3527361841
2 0.324900958542
3 0.647300783992
9 4.18998304957
11 5.89342233643
5 1.5425846568
2 0.324900958542
1 0.1
1 0.1
2 0.324900958542
6 2.10308645184
9 4.18998304957
1 0.1
2 0.324900958542
1 0.1
2 0.324900958542
3 0.647300783992
58 99.501032892
3 0.647300783992
1 0.1
3 0.647300783992
6 2.10308645184
4 1.05560632862
6 2.10308645184
1 0.1
3 0.647300783992
2 0.324900958542
29 30.6250351918
1 0.1
2 0.324900958542
4 1.05560632862
8 3.42967508012
1 0.1
3 0.647300783992
3 0.647300783992
12 6.83294804102
4 1.05560632862
2 0.324900958542
5 1.5425846568
2 0.324900958542
2 0.324900958542
8 3.42967508012
5 1.5425846568
3 0.647300783992
27 27.121793129
1 0.1
2 0.324900958542
2 0.324900958542
35 42.1614632854
3 0.647300783992
3 0.647300783992
1 0.1
1 0.1
2 0.324900958542
11 5.89342233643
2 0.324900958542
1 0.1
5 1.5425846568
2 0.324900958542
8 3.42967508012
2 0.324900958542
2 0.324900958542
5 1.5425846568
1 0.1
2 0.324900958542
15 9.98516257721
2 0.324900958542
7 2.73317014399
2 0.324900958542
10 5.01187233627
3 0.647300783992
3 0.647300783992
1 0.1
1 0.1
2 0.324900958542
1 0.1
2 0.324900958542
2 0.324900958542
20 16.2836212615
3 0.647300783992
4 1.05560632862
8 3.42967508012
1 0.1
2 0.324900958542
2 0.324900958542
1 0.1
2 0.324900958542
7 2.73317014399
1 0.1
1 0.1
1 0.1
2 0.324900958542
3 0.647300783992
2 0.324900958542
26 25.4363441066
2 0.324900958542
2 0.324900958542
5 1.5425846568
2 0.324900958542
6 2.10308645184
1 0.1
1 0.1
4 1.05560632862
4 1.05560632862
2 0.324900958542
2 0.324900958542
1 0.1
3 0.647300783992
9 4.18998304957
2 0.324900958542
1 0.1
1 0.1
2 0.324900958542
10 5.01187233627
1 0.1
1 0.1
2 0.324900958542
5 1.5425846568
19 14.9238584649
1 0.1
2 0.324900958542
2 0.324900958542
1 0.1
2 0.324900958542
1 0.1
5 1.5425846568
25 23.7956742339
2 0.324900958542
20 16.2836212615
27 27.121793129
2 0.324900958542
1 0.1
2 0.324900958542
1 0.1
1 0.1
1 0.1
2 0.324900958542
36 44.2297262393
2 0.324900958542
1 0.1
122 352.218134185
1 0.1
4 1.05560632862
17 12.3527361841
2 0.324900958542
2 0.324900958542
3 0.647300783992
3 0.647300783992
3 0.647300783992
195 781.733708677
3 0.647300783992
1 0.1
2 0.324900958542
2 0.324900958542
1 0.1
2 0.324900958542
11 5.89342233643
5 1.5425846568
6 2.10308645184
2 0.324900958542
7 2.73317014399
1 0.1
3 0.647300783992
3 0.647300783992
2 0.324900958542
3 0.647300783992
5 1.5425846568
13 7.82895323568
3 0.647300783992
2 0.324900958542
1 0.1
3 0.647300783992
6 2.10308645184
1 0.1
2 0.324900958542
2 0.324900958542
3 0.647300783992
1 0.1
1 0.1
2 0.324900958542
2 0.324900958542
1 0.1
3 0.647300783992
2 0.324900958542
1 0.1
4 1.05560632862
4 1.05560632862
1 0.1
5 1.5425846568
5 1.5425846568
1 0.1
2 0.324900958542
1 0.1
2 0.324900958542
3 0.647300783992
10 5.01187233627
1 0.1
1 0.1
3 0.647300783992
3 0.647300783992
3 0.647300783992
10 5.01187233627
2 0.324900958542
65 120.768231402
2 0.324900958542
32 36.2038671968
1 0.1
2 0.324900958542
7 2.73317014399
14 8.88009599641
2 0.324900958542
1 0.1
10 5.01187233627
2 0.324900958542
4 1.05560632862
2 0.324900958542
4 1.05560632862
2 0.324900958542
5 1.5425846568
2 0.324900958542
5 1.5425846568
67 127.153162019
2 0.324900958542
2 0.324900958542
10 5.01187233627
3 0.647300783992
1 0.1
1 0.1
3 0.647300783992
2 0.324900958542
8 3.42967508012
3 0.647300783992
2 0.324900958542
1 0.1
29 30.6250351918
2 0.324900958542
3 0.647300783992
5 1.5425846568
1 0.1
2 0.324900958542
2 0.324900958542
9 4.18998304957
3 0.647300783992
1 0.1
6 2.10308645184
21 17.6918317699
2 0.324900958542
7 2.73317014399
1 0.1
1 0.1
4 1.05560632862
2 0.324900958542
4 1.05560632862
15 9.98516257721
3 0.647300783992
1 0.1
1 0.1
2 0.324900958542
2 0.324900958542
2 0.324900958542
14 8.88009599641
1 0.1
3 0.647300783992
1 0.1
3 0.647300783992
3 0.647300783992
2 0.324900958542
2 0.324900958542
3 0.647300783992
4 1.05560632862
3 0.647300783992
3 0.647300783992
49 74.7021903598
6 2.10308645184
2 0.324900958542
2 0.324900958542
2 0.324900958542
3 0.647300783992
1 0.1
2 0.324900958542
3 0.647300783992
1 0.1
2 0.324900958542
2 0.324900958542
1 0.1
4 1.05560632862
5 1.5425846568
5 1.5425846568
7 2.73317014399
3 0.647300783992
8 3.42967508012
7 2.73317014399
2 0.324900958542
2 0.324900958542
1 0.1
14 8.88009599641
1 0.1
6 2.10308645184
5 1.5425846568
1 0.1
2 0.324900958542
1 0.1
10 5.01187233627
9 4.18998304957
2 0.324900958542
4 1.05560632862
1 0.1
8 3.42967508012
2 0.324900958542
12 6.83294804102
3 0.647300783992
1 0.1
8 3.42967508012
7 2.73317014399
4 1.05560632862
2 0.324900958542
3 0.647300783992
15 9.98516257721
1 0.1
1 0.1
71 140.326338307
2 0.324900958542
2 0.324900958542
17 12.3527361841
1 0.1
18 13.6132950908
4 1.05560632862
16 11.1430472102
3 0.647300783992
2 0.324900958542
4 1.05560632862
2 0.324900958542
1 0.1
2 0.324900958542
2 0.324900958542
2 0.324900958542
1 0.1
1 0.1
1 0.1
3 0.647300783992
4 1.05560632862
2 0.324900958542
10 5.01187233627
2 0.324900958542
4 1.05560632862
3 0.647300783992
4 1.05560632862
3 0.647300783992
2 0.324900958542
2 0.324900958542
5 1.5425846568
2 0.324900958542
2 0.324900958542
162 570.394756794
1 0.1
1 0.1
2 0.324900958542
1 0.1
4 1.05560632862
1 0.1
1 0.1
8 3.42967508012
1 0.1
3 0.647300783992
14 8.88009599641
2 0.324900958542
6 2.10308645184
3 0.647300783992
15 9.98516257721
2 0.324900958542
8 3.42967508012
42 57.480931004
6 2.10308645184
2 0.324900958542
3 0.647300783992
6 2.10308645184
5 1.5425846568
2 0.324900958542
1 0.1
10 5.01187233627
2 0.324900958542
6 2.10308645184
2 0.324900958542
2 0.324900958542
3 0.647300783992
4 1.05560632862
8 3.42967508012
5 1.5425846568
5 1.5425846568
4 1.05560632862
1 0.1
3 0.647300783992
2 0.324900958542
4 1.05560632862
2 0.324900958542
5 1.5425846568
2 0.324900958542
2 0.324900958542
2 0.324900958542
2 0.324900958542
15 9.98516257721
1 0.1
1 0.1
3 0.647300783992
5 1.5425846568
11 5.89342233643
3 0.647300783992
6 2.10308645184
1 0.1
7 2.73317014399
2 0.324900958542
8 3.42967508012
2 0.324900958542
2 0.324900958542
4 1.05560632862
6 2.10308645184
2 0.324900958542
2 0.324900958542
2 0.324900958542
2 0.324900958542
2 0.324900958542
2 0.324900958542
3 0.647300783992
7 2.73317014399
2 0.324900958542
1 0.1
1 0.1
4 1.05560632862
1 0.1
18 13.6132950908
1 0.1
2 0.324900958542
3 0.647300783992
1 0.1
2 0.324900958542
2 0.324900958542
18 13.6132950908
4 1.05560632862
2 0.324900958542
1 0.1
8 3.42967508012
5 1.5425846568
2 0.324900958542
1 0.1
58 99.501032892
2 0.324900958542
3 0.647300783992
3 0.647300783992
4 1.05560632862
6 2.10308645184
1 0.1
4 1.05560632862
1 0.1
2 0.324900958542
1 0.1
14 8.88009599641
4 1.05560632862
5 1.5425846568
2 0.324900958542
1 0.1
2 0.324900958542
5 1.5425846568
1 0.1
1 0.1
19 14.9238584649
2 0.324900958542
100 251.188643151
1 0.1
2 0.324900958542
3 0.647300783992
2 0.324900958542
2 0.324900958542
2 0.324900958542
2 0.324900958542
2 0.324900958542
2 0.324900958542
6 2.10308645184
5 1.5425846568
3 0.647300783992
1 0.1
1 0.1
1 0.1
4 1.05560632862
1 0.1
3 0.647300783992
3 0.647300783992
2 0.324900958542
2 0.324900958542
1 0.1
2 0.324900958542
2 0.324900958542
5 1.5425846568
3 0.647300783992
2 0.324900958542
20 16.2836212615
2 0.324900958542
2 0.324900958542
2 0.324900958542
5 1.5425846568
4 1.05560632862
33 38.1481689877
4 1.05560632862
1 0.1
1 0.1
2 0.324900958542
3 0.647300783992
4 1.05560632862
8 3.42967508012
2 0.324900958542
3 0.647300783992
3 0.647300783992
8 3.42967508012
2 0.324900958542
2 0.324900958542
2 0.324900958542
13 7.82895323568
2 0.324900958542
2 0.324900958542
2 0.324900958542
2 0.324900958542
11 5.89342233643
4 1.05560632862
2 0.324900958542
2 0.324900958542
26 25.4363441066
8 3.42967508012
3 0.647300783992
17 12.3527361841
10 5.01187233627
1 0.1
5 1.5425846568
2 0.324900958542
5 1.5425846568
7 2.73317014399
2 0.324900958542
17 12.3527361841
2 0.324900958542
6 2.10308645184
10 5.01187233627
1 0.1
4 1.05560632862
3 0.647300783992
2 0.324900958542
1 0.1
5 1.5425846568
2 0.324900958542
3 0.647300783992
194 774.930832833
3 0.647300783992
4 1.05560632862
2 0.324900958542
1 0.1
1 0.1
1 0.1
3 0.647300783992
2 0.324900958542
1 0.1
3 0.647300783992
1 0.1
18 13.6132950908
2 0.324900958542
11 5.89342233643
1 0.1
11 5.89342233643
1 0.1
2 0.324900958542
6 2.10308645184
7 2.73317014399
2 0.324900958542
10 5.01187233627
2 0.324900958542
7 2.73317014399
55 90.9110287222
5 1.5425846568
4 1.05560632862
2 0.324900958542
5 1.5425846568
11 5.89342233643
2 0.324900958542
2 0.324900958542
3 0.647300783992
4 1.05560632862
31 34.3016395949
4 1.05560632862
2 0.324900958542
8 3.42967508012
2 0.324900958542
3 0.647300783992
3 0.647300783992
4 1.05560632862
2 0.324900958542
2 0.324900958542
14 8.88009599641
4 1.05560632862
11 5.89342233643
23 20.6508209504
3 0.647300783992
3 0.647300783992
2 0.324900958542
2 0.324900958542
2 0.324900958542
11 5.89342233643
2 0.324900958542
3 0.647300783992
2 0.324900958542
2 0.324900958542
5 1.5425846568
4 1.05560632862
2 0.324900958542
20 16.2836212615
3 0.647300783992
40 52.905641564
5 1.5425846568
2 0.324900958542
1 0.1
1 0.1
1 0.1
54 88.1189658501
3 0.647300783992
2 0.324900958542
2 0.324900958542
2 0.324900958542
1 0.1
4 1.05560632862
3 0.647300783992
1 0.1
12 6.83294804102
3 0.647300783992
2 0.324900958542
2 0.324900958542
5 1.5425846568
2 0.324900958542
2 0.324900958542
2 0.324900958542
3 0.647300783992
2 0.324900958542
3 0.647300783992
49 74.7021903598
4 1.05560632862
2 0.324900958542
2 0.324900958542
2 0.324900958542
1 0.1
1 0.1
3 0.647300783992
3 0.647300783992
26 25.4363441066
5 1.5425846568
1 0.1
5 1.5425846568
2 0.324900958542
11 5.89342233643
1 0.1
12 6.83294804102
1 0.1
3 0.647300783992
2 0.324900958542
21 17.6918317699
2 0.324900958542
12 6.83294804102
1 0.1
3 0.647300783992
2 0.324900958542
1 0.1
3 0.647300783992
13 7.82895323568
1 0.1
2 0.324900958542
2 0.324900958542
2 0.324900958542
5 1.5425846568
2 0.324900958542
4 1.05560632862
2 0.324900958542
5 1.5425846568
2 0.324900958542
4 1.05560632862
9 4.18998304957
4 1.05560632862
2 0.324900958542
2 0.324900958542
2 0.324900958542
1 0.1
2 0.324900958542
31 34.3016395949
4 1.05560632862
6 2.10308645184
9 4.18998304957
1 0.1
2 0.324900958542
1 0.1
2 0.324900958542
3 0.647300783992
1 0.1
1 0.1
1 0.1
3 0.647300783992
7 2.73317014399
5 1.5425846568
1 0.1
2 0.324900958542
2 0.324900958542
6 2.10308645184
2 0.324900958542
2 0.324900958542
3 0.647300783992
4 1.05560632862
1 0.1
8 3.42967508012
2 0.324900958542
10 5.01187233627
3 0.647300783992
13 7.82895323568
9 4.18998304957
1 0.1
3 0.647300783992
111 299.950136519
2 0.324900958542
1 0.1
1 0.1
2 0.324900958542
2 0.324900958542
6 2.10308645184
2 0.324900958542
2 0.324900958542
1 0.1
2 0.324900958542
8 3.42967508012
6 2.10308645184
4 1.05560632862
2 0.324900958542
15 9.98516257721
1 0.1
2 0.324900958542
3 0.647300783992
2 0.324900958542
9 4.18998304957
2 0.324900958542
1 0.1
4 1.05560632862
3 0.647300783992
2 0.324900958542
1 0.1
12 6.83294804102
2 0.324900958542
1 0.1
2 0.324900958542
2 0.324900958542
5 1.5425846568
1 0.1
3 0.647300783992
8 3.42967508012
4 1.05560632862
6 2.10308645184
3 0.647300783992
2 0.324900958542
1 0.1
5 1.5425846568
1 0.1
3 0.647300783992
4 1.05560632862
2 0.324900958542
12 6.83294804102
2 0.324900958542
3 0.647300783992
2 0.324900958542
4 1.05560632862
2 0.324900958542
7 2.73317014399
4 1.05560632862
1 0.1
2 0.324900958542
3 0.647300783992
1 0.1
20 16.2836212615
2 0.324900958542
4 1.05560632862
2 0.324900958542
3 0.647300783992
2 0.324900958542
4 1.05560632862
3 0.647300783992
3 0.647300783992
5 1.5425846568
2 0.324900958542
4 1.05560632862
3 0.647300783992
1 0.1
1 0.1
2 0.324900958542
4 1.05560632862
4 1.05560632862
1 0.1
4 1.05560632862
4 1.05560632862
1 0.1
2 0.324900958542
2 0.324900958542
2 0.324900958542
3 0.647300783992
2 0.324900958542
2 0.324900958542
6 2.10308645184
4 1.05560632862
1 0.1
2 0.324900958542
10 5.01187233627
1 0.1
2 0.324900958542
2 0.324900958542
3 0.647300783992
1 0.1
3 0.647300783992
1 0.1
2 0.324900958542
2 0.324900958542
38 48.4877592039
3 0.647300783992
3 0.647300783992
79 168.254254705
1 0.1
2 0.324900958542
13 7.82895323568
4 1.05560632862
2 0.324900958542
1 0.1
8 3.42967508012
3 0.647300783992
3 0.647300783992
2 0.324900958542
72 143.702804512
3 0.647300783992
7 2.73317014399
3 0.647300783992
2 0.324900958542
2 0.324900958542
3 0.647300783992
2 0.324900958542
3 0.647300783992
1 0.1
9 4.18998304957
3 0.647300783992
1 0.1
10 5.01187233627
4 1.05560632862
10 5.01187233627
3 0.647300783992
5 1.5425846568
7 2.73317014399
3 0.647300783992
1 0.1
39 50.676875673
2 0.324900958542
2 0.324900958542
3 0.647300783992
1 0.1
4 1.05560632862
4 1.05560632862
5 1.5425846568
280 1446.00119971
3 0.647300783992
2 0.324900958542
206 858.171869859
10 5.01187233627
2 0.324900958542
3 0.647300783992
2 0.324900958542
6 2.10308645184
2 0.324900958542
7 2.73317014399
2 0.324900958542
6 2.10308645184
4 1.05560632862
3 0.647300783992
4 1.05560632862
23 20.6508209504
7 2.73317014399
2 0.324900958542
1 0.1
2 0.324900958542
2 0.324900958542
2 0.324900958542
5 1.5425846568
21 17.6918317699
2 0.324900958542
4 1.05560632862
6 2.10308645184
2 0.324900958542
4 1.05560632862
2 0.324900958542
5 1.5425846568
6 2.10308645184
5 1.5425846568
2 0.324900958542
2 0.324900958542
3 0.647300783992
1 0.1
1 0.1
2 0.324900958542
3 0.647300783992
9 4.18998304957
3 0.647300783992
8 3.42967508012
1 0.1
1 0.1
4 1.05560632862
13 7.82895323568
1 0.1
2 0.324900958542
4 1.05560632862
1 0.1
1 0.1
3 0.647300783992
2 0.324900958542
2 0.324900958542
1 0.1
4 1.05560632862
2 0.324900958542
2 0.324900958542
2 0.324900958542
1 0.1
5 1.5425846568
6 2.10308645184
5 1.5425846568
4 1.05560632862
2 0.324900958542
15 9.98516257721
2 0.324900958542
3 0.647300783992
3 0.647300783992
3 0.647300783992
50 77.3123736777
1 0.1
1 0.1
2 0.324900958542
10 5.01187233627
2 0.324900958542
1 0.1
4 1.05560632862
331 1921.79734658
1 0.1
7 2.73317014399
82 179.260064789
3 0.647300783992
1 0.1
6 2.10308645184
2 0.324900958542
2 0.324900958542
3 0.647300783992
1 0.1
2 0.324900958542
1 0.1
3 0.647300783992
3 0.647300783992
2 0.324900958542
2 0.324900958542
12 6.83294804102
12 6.83294804102
2 0.324900958542
2 0.324900958542
3 0.647300783992
33 38.1481689877
16 11.1430472102
7 2.73317014399
19 14.9238584649
2 0.324900958542
4 1.05560632862
4 1.05560632862
8 3.42967508012
3 0.647300783992
10 5.01187233627
3 0.647300783992
1 0.1
2 0.324900958542
3 0.647300783992
2 0.324900958542
5 1.5425846568
4 1.05560632862
2 0.324900958542
89 206.045441764
22 19.147785662
3 0.647300783992
9 4.18998304957
2 0.324900958542
2 0.324900958542
37 46.3386023834
2 0.324900958542
18 13.6132950908
4 1.05560632862
5 1.5425846568
2 0.324900958542
1 0.1
2 0.324900958542
1 0.1
20 16.2836212615
3 0.647300783992
1 0.1
7 2.73317014399
3 0.647300783992
1 0.1
2 0.324900958542
1 0.1
3 0.647300783992
12 6.83294804102
2 0.324900958542
6 2.10308645184
2 0.324900958542
2 0.324900958542
28 28.8515170118
7 2.73317014399
2 0.324900958542
2 0.324900958542
3 0.647300783992
3 0.647300783992
2 0.324900958542
1 0.1
1 0.1
5 1.5425846568
2 0.324900958542
4 1.05560632862
20 16.2836212615
3 0.647300783992
1 0.1
2 0.324900958542
2 0.324900958542
1 0.1
2 0.324900958542
16 11.1430472102
9 4.18998304957
4 1.05560632862
2 0.324900958542
15 9.98516257721
1 0.1
3 0.647300783992
3 0.647300783992
3 0.647300783992
1 0.1
6 2.10308645184
4 1.05560632862
3 0.647300783992
6 2.10308645184
5 1.5425846568
8 3.42967508012
2 0.324900958542
3 0.647300783992
4 1.05560632862
1 0.1
2 0.324900958542
2 0.324900958542
3 0.647300783992
1 0.1
2 0.324900958542
4 1.05560632862
1 0.1
9 4.18998304957
52 82.6429258204
2 0.324900958542
2 0.324900958542
3 0.647300783992
13 7.82895323568
2 0.324900958542
2 0.324900958542
51 79.9593581641
2 0.324900958542
4 1.05560632862
6 2.10308645184
6 2.10308645184
3 0.647300783992
1 0.1
6 2.10308645184
4 1.05560632862
5 1.5425846568
2 0.324900958542
1 0.1
1 0.1
2 0.324900958542
1 0.1
8 3.42967508012
1 0.1
3 0.647300783992
2 0.324900958542
1 0.1
1 0.1
1 0.1
2 0.324900958542
2 0.324900958542
1 0.1
24 22.200313682
23 20.6508209504
1 0.1
3 0.647300783992
1 0.1
1 0.1
1 0.1
3 0.647300783992
1 0.1
6 2.10308645184
3 0.647300783992
15 9.98516257721
1 0.1
9 4.18998304957
2 0.324900958542
33 38.1481689877
6 2.10308645184
7 2.73317014399
2 0.324900958542
4 1.05560632862
2 0.324900958542
3 0.647300783992
40 52.905641564
30 32.4418889254
2 0.324900958542
3 0.647300783992
2 0.324900958542
2 0.324900958542
6 2.10308645184
2 0.324900958542
5 1.5425846568
2 0.324900958542
1 0.1
2 0.324900958542
4 1.05560632862
6 2.10308645184
3 0.647300783992
1 0.1
1 0.1
13 7.82895323568
4 1.05560632862
22 19.147785662
2 0.324900958542
1 0.1
35 42.1614632854
9 4.18998304957
1 0.1
2 0.324900958542
1 0.1
3 0.647300783992
2 0.324900958542
4 1.05560632862
2 0.324900958542
2 0.324900958542
3 0.647300783992
2 0.324900958542
1 0.1
3 0.647300783992
4 1.05560632862
2 0.324900958542
3 0.647300783992
1 0.1
4 1.05560632862
6 2.10308645184
3 0.647300783992
1 0.1
2 0.324900958542
1 0.1
36 44.2297262393
3 0.647300783992
4 1.05560632862
38 48.4877592039
1 0.1
16 11.1430472102
1 0.1
3 0.647300783992
2 0.324900958542
2 0.324900958542
2 0.324900958542
156 534.94830675
5 1.5425846568
1 0.1
4 1.05560632862
1 0.1
1 0.1
5 1.5425846568
1 0.1
1 0.1
1 0.1
4 1.05560632862
1 0.1
2 0.324900958542
2 0.324900958542
2 0.324900958542
2 0.324900958542
4 1.05560632862
5 1.5425846568
3 0.647300783992
1 0.1
6 2.10308645184
2 0.324900958542
1 0.1
2 0.324900958542
2 0.324900958542
1 0.1
2 0.324900958542
11 5.89342233643
2 0.324900958542
19 14.9238584649
2 0.324900958542
8 3.42967508012
1 0.1
1 0.1
2 0.324900958542
3 0.647300783992
9 4.18998304957
2 0.324900958542
5 1.5425846568
110 295.370803739
3 0.647300783992
2 0.324900958542
2 0.324900958542
7 2.73317014399
3 0.647300783992
17 12.3527361841
2 0.324900958542
3 0.647300783992
2 0.324900958542
3 0.647300783992
1 0.1
2 0.324900958542
1 0.1
13 7.82895323568
2 0.324900958542
4 1.05560632862
2 0.324900958542
4 1.05560632862
1 0.1
13 7.82895323568
2 0.324900958542
3 0.647300783992
5 1.5425846568
2 0.324900958542
1 0.1
1 0.1
4 1.05560632862
2 0.324900958542
2 0.324900958542
2 0.324900958542
3 0.647300783992
3 0.647300783992
162 570.394756794
6 2.10308645184
2 0.324900958542
6 2.10308645184
2 0.324900958542
1 0.1
2 0.324900958542
22 19.147785662
4 1.05560632862
18 13.6132950908
3 0.647300783992
2 0.324900958542
3 0.647300783992
1 0.1
3 0.647300783992
5 1.5425846568
2 0.324900958542
1 0.1
2 0.324900958542
3 0.647300783992
2 0.324900958542
1 0.1
7 2.73317014399
2 0.324900958542
2 0.324900958542
1 0.1
1 0.1
3 0.647300783992
1 0.1
1 0.1
2 0.324900958542
2 0.324900958542
2 0.324900958542
2 0.324900958542
2 0.324900958542
18 13.6132950908
1 0.1
30 32.4418889254
25 23.7956742339
3 0.647300783992
3 0.647300783992
1 0.1
2 0.324900958542
5 1.5425846568
1 0.1
2 0.324900958542
95 230.213150882
7 2.73317014399
7 2.73317014399
16 11.1430472102
10 5.01187233627
4 1.05560632862
3 0.647300783992
2 0.324900958542
3 0.647300783992
86 194.37811541
1 0.1
3 0.647300783992
5 1.5425846568
1 0.1
5 1.5425846568
4 1.05560632862
120 342.45863262
5 1.5425846568
2 0.324900958542
4 1.05560632862
4 1.05560632862
1 0.1
24 22.200313682
2 0.324900958542
1 0.1
2 0.324900958542
5 1.5425846568
1 0.1
3 0.647300783992
2 0.324900958542
2 0.324900958542
2 0.324900958542
6 2.10308645184
1 0.1
2 0.324900958542
3 0.647300783992
16 11.1430472102
2 0.324900958542
2 0.324900958542
3 0.647300783992
1 0.1
10 5.01187233627
2 0.324900958542
2 0.324900958542
2 0.324900958542
8 3.42967508012
4 1.05560632862
2 0.324900958542
5 1.5425846568
9 4.18998304957
9 4.18998304957
5 1.5425846568
3 0.647300783992
3 0.647300783992
9 4.18998304957
2 0.324900958542
1 0.1
1 0.1
6 2.10308645184
2 0.324900958542
1 0.1
3 0.647300783992
2 0.324900958542
10 5.01187233627
1 0.1
3 0.647300783992
2 0.324900958542
2 0.324900958542
2 0.324900958542
2 0.324900958542
2 0.324900958542
1 0.1
3 0.647300783992
6 2.10308645184
2 0.324900958542
3 0.647300783992
10 5.01187233627
2 0.324900958542
4 1.05560632862
1 0.1
3 0.647300783992
2 0.324900958542
4 1.05560632862
179 675.849742505
1 0.1
4 1.05560632862
2 0.324900958542
1 0.1
3 0.647300783992
4 1.05560632862
2 0.324900958542
3 0.647300783992
2 0.324900958542
1 0.1
1 0.1
20 16.2836212615
9 4.18998304957
3 0.647300783992
8 3.42967508012
5 1.5425846568
4 1.05560632862
7 2.73317014399
4 1.05560632862
13 7.82895323568
3 0.647300783992
1 0.1
3 0.647300783992
2 0.324900958542
9 4.18998304957
4 1.05560632862
2 0.324900958542
4 1.05560632862
1 0.1
2 0.324900958542
10 5.01187233627
15 9.98516257721
2 0.324900958542
2 0.324900958542
3 0.647300783992
2 0.324900958542
2 0.324900958542
26 25.4363441066
2 0.324900958542
4 1.05560632862
5 1.5425846568
3 0.647300783992
2 0.324900958542
2 0.324900958542
1 0.1
4 1.05560632862
9 4.18998304957
1 0.1
2 0.324900958542
1 0.1
6 2.10308645184
2 0.324900958542
2 0.324900958542
66 123.943766707
1 0.1
2 0.324900958542
3 0.647300783992
6 2.10308645184
5 1.5425846568
4 1.05560632862
2 0.324900958542
2 0.324900958542
2 0.324900958542
3 0.647300783992
1 0.1
2 0.324900958542
2 0.324900958542
1 0.1
3 0.647300783992
4 1.05560632862
21 17.6918317699
3 0.647300783992
7 2.73317014399
5 1.5425846568
3 0.647300783992
15 9.98516257721
2 0.324900958542
1 0.1
3 0.647300783992
2 0.324900958542
11 5.89342233643
1 0.1
4 1.05560632862
1 0.1
1 0.1
9 4.18998304957
4 1.05560632862
2 0.324900958542
9 4.18998304957
53 85.3628641365
8 3.42967508012
2 0.324900958542
50 77.3123736777
4 1.05560632862
3 0.647300783992
36 44.2297262393
1 0.1
1 0.1
2 0.324900958542
1 0.1
3 0.647300783992
1 0.1
4 1.05560632862
1 0.1
7 2.73317014399
2 0.324900958542
11 5.89342233643
5 1.5425846568
2 0.324900958542
11 5.89342233643
4 1.05560632862
2 0.324900958542
2 0.324900958542
3 0.647300783992
3 0.647300783992
3 0.647300783992
28 28.8515170118
1 0.1
3 0.647300783992
1 0.1
2 0.324900958542
2 0.324900958542
7 2.73317014399
2 0.324900958542
2 0.324900958542
29 30.6250351918
2 0.324900958542
8 3.42967508012
1 0.1
1 0.1
4 1.05560632862
3 0.647300783992
7 2.73317014399
1 0.1
1 0.1
8 3.42967508012
1 0.1
3 0.647300783992
4 1.05560632862
2 0.324900958542
9 4.18998304957
5 1.5425846568
2 0.324900958542
17 12.3527361841
2 0.324900958542
5 1.5425846568
2 0.324900958542
4 1.05560632862
19 14.9238584649
9 4.18998304957
4 1.05560632862
2 0.324900958542
1 0.1
4 1.05560632862
2 0.324900958542
1 0.1
6 2.10308645184
1 0.1
1 0.1
3 0.647300783992
1 0.1
2 0.324900958542
4 1.05560632862
1 0.1
23 20.6508209504
50 77.3123736777
2 0.324900958542
8 3.42967508012
2 0.324900958542
9 4.18998304957
9 4.18998304957
1 0.1
51 79.9593581641
5 1.5425846568
1 0.1
1 0.1
1 0.1
19 14.9238584649
3 0.647300783992
2 0.324900958542
125 367.068419715
2 0.324900958542
1 0.1
2 0.324900958542
10 5.01187233627
3 0.647300783992
1 0.1
7 2.73317014399
2 0.324900958542
2 0.324900958542
4 1.05560632862
127 377.108503596
7 2.73317014399
1 0.1
1 0.1
9 4.18998304957
9 4.18998304957
2 0.324900958542
3 0.647300783992
13 7.82895323568
5 1.5425846568
2 0.324900958542
2 0.324900958542
3 0.647300783992
8 3.42967508012
32 36.2038671968
1 0.1
15 9.98516257721
2 0.324900958542
226 1004.57958116
14 8.88009599641
2 0.324900958542
2 0.324900958542
8 3.42967508012
6 2.10308645184
5 1.5425846568
2 0.324900958542
6 2.10308645184
10 5.01187233627
2 0.324900958542
3 0.647300783992
2 0.324900958542
3 0.647300783992
2 0.324900958542
6 2.10308645184
4 1.05560632862
2 0.324900958542
4 1.05560632862
2 0.324900958542
2 0.324900958542
1 0.1
2 0.324900958542
8 3.42967508012
6 2.10308645184
6 2.10308645184
3 0.647300783992
2 0.324900958542
32 36.2038671968
46 67.0947152148
1 0.1
3 0.647300783992
3 0.647300783992
3 0.647300783992
2 0.324900958542
1 0.1
1 0.1
4 1.05560632862
1 0.1
2 0.324900958542
2 0.324900958542
1 0.1
2 0.324900958542
5 1.5425846568
28 28.8515170118
3 0.647300783992
1 0.1
68 130.396264917
2 0.324900958542
9 4.18998304957
3 0.647300783992
4 1.05560632862
4 1.05560632862
5 1.5425846568
3 0.647300783992
11 5.89342233643
4 1.05560632862
1 0.1
1 0.1
2 0.324900958542
4 1.05560632862
13 7.82895323568
1 0.1
1 0.1
2 0.324900958542
2 0.324900958542
28 28.8515170118
3 0.647300783992
2 0.324900958542
1 0.1
12 6.83294804102
6 2.10308645184
1 0.1
9 4.18998304957
2 0.324900958542
10 5.01187233627
2 0.324900958542
4 1.05560632862
2 0.324900958542
10 5.01187233627
8 3.42967508012
1 0.1
16 11.1430472102
15 9.98516257721
11 5.89342233643
5 1.5425846568
3 0.647300783992
7 2.73317014399
2 0.324900958542
2 0.324900958542
1 0.1
2 0.324900958542
1 0.1
1 0.1
2 0.324900958542
4 1.05560632862
3 0.647300783992
1 0.1
6 2.10308645184
2 0.324900958542
2 0.324900958542
8 3.42967508012
2 0.324900958542
9 4.18998304957
1 0.1
2 0.324900958542
2 0.324900958542
12 6.83294804102
3 0.647300783992
2 0.324900958542
5 1.5425846568
3 0.647300783992
4 1.05560632862
2 0.324900958542
11 5.89342233643
2 0.324900958542
2 0.324900958542
3 0.647300783992
5 1.5425846568
2 0.324900958542
16 11.1430472102
3 0.647300783992
2 0.324900958542
3 0.647300783992
4 1.05560632862
2 0.324900958542
4 1.05560632862
2 0.324900958542
2 0.324900958542
1 0.1
1 0.1
4 1.05560632862
3 0.647300783992
1 0.1
2 0.324900958542
1 0.1
2 0.324900958542
6 2.10308645184
4 1.05560632862
3 0.647300783992
5 1.5425846568
2 0.324900958542
11 5.89342233643
27 27.121793129
2 0.324900958542
1 0.1
52 82.6429258204
4 1.05560632862
121 347.324268356
9 4.18998304957
2 0.324900958542
2 0.324900958542
2 0.324900958542
5 1.5425846568
2 0.324900958542
3 0.647300783992
2 0.324900958542
1 0.1
1 0.1
25 23.7956742339
1 0.1
1 0.1
3 0.647300783992
1 0.1
2 0.324900958542
111 299.950136519
9 4.18998304957
3 0.647300783992
4 1.05560632862
1 0.1
1 0.1
2 0.324900958542
1 0.1
1 0.1
2 0.324900958542
2 0.324900958542
2 0.324900958542
2 0.324900958542
8 3.42967508012
8 3.42967508012
1 0.1
3 0.647300783992
2 0.324900958542
4 1.05560632862
2 0.324900958542
2 0.324900958542
3 0.647300783992
7 2.73317014399
1 0.1
1 0.1
2 0.324900958542
8 3.42967508012
1 0.1
2 0.324900958542
14 8.88009599641
2 0.324900958542
2 0.324900958542
6 2.10308645184
32 36.2038671968
2 0.324900958542
11 5.89342233643
7 2.73317014399
1 0.1
5 1.5425846568
2 0.324900958542
4 1.05560632862
2 0.324900958542
2 0.324900958542
6 2.10308645184
2 0.324900958542
1 0.1
14 8.88009599641
2 0.324900958542
4 1.05560632862
3 0.647300783992
5 1.5425846568
1 0.1
2 0.324900958542
3 0.647300783992
2 0.324900958542
3 0.647300783992
3 0.647300783992
1 0.1
4 1.05560632862
2 0.324900958542
2 0.324900958542
3 0.647300783992
2 0.324900958542
1 0.1
2 0.324900958542
4 1.05560632862
3 0.647300783992
2 0.324900958542
2 0.324900958542
6 2.10308645184
4 1.05560632862
7 2.73317014399
5 1.5425846568
3 0.647300783992
5 1.5425846568
2 0.324900958542
2 0.324900958542
89 206.045441764
4 1.05560632862
7 2.73317014399
2 0.324900958542
5 1.5425846568
2 0.324900958542
6 2.10308645184
15 9.98516257721
2 0.324900958542
1 0.1
1 0.1
10 5.01187233627
2 0.324900958542
1 0.1
1 0.1
4 1.05560632862
8 3.42967508012
2 0.324900958542
3 0.647300783992
2 0.324900958542
1 0.1
2 0.324900958542
2 0.324900958542
35 42.1614632854
3 0.647300783992
4 1.05560632862
19 14.9238584649
16 11.1430472102
13 7.82895323568
2 0.324900958542
7 2.73317014399
6 2.10308645184
1 0.1
6 2.10308645184
3 0.647300783992
2 0.324900958542
2 0.324900958542
8 3.42967508012
3 0.647300783992
4 1.05560632862
2 0.324900958542
3 0.647300783992
2 0.324900958542
1 0.1
3 0.647300783992
1 0.1
30 32.4418889254
4 1.05560632862
6 2.10308645184
11 5.89342233643
1 0.1
1 0.1
5 1.5425846568
4 1.05560632862
15 9.98516257721
2 0.324900958542
2 0.324900958542
2 0.324900958542
2 0.324900958542
1 0.1
1 0.1
4 1.05560632862
14 8.88009599641
4 1.05560632862
14 8.88009599641
50 77.3123736777
2 0.324900958542
2 0.324900958542
2 0.324900958542
3 0.647300783992
11 5.89342233643
4 1.05560632862
2 0.324900958542
5 1.5425846568
2 0.324900958542
3 0.647300783992
3 0.647300783992
3 0.647300783992
3 0.647300783992
3 0.647300783992
2 0.324900958542
4 1.05560632862
1 0.1
119 337.621297349
3 0.647300783992
15 9.98516257721
2 0.324900958542
2 0.324900958542
2 0.324900958542
2 0.324900958542
24 22.200313682
3 0.647300783992
21 17.6918317699
11 5.89342233643
4 1.05560632862
2 0.324900958542
5 1.5425846568
7 2.73317014399
4 1.05560632862
2 0.324900958542
2 0.324900958542
3 0.647300783992
2 0.324900958542
6 2.10308645184
2 0.324900958542
7 2.73317014399
3 0.647300783992
7 2.73317014399
4 1.05560632862
5 1.5425846568
4 1.05560632862
26 25.4363441066
7 2.73317014399
10 5.01187233627
5 1.5425846568
13 7.82895323568
13 7.82895323568
58 99.501032892
26 25.4363441066
5 1.5425846568
1 0.1
3 0.647300783992
2 0.324900958542
2 0.324900958542
10 5.01187233627
6 2.10308645184
48 72.1290319522
4 1.05560632862
4 1.05560632862
1 0.1
14 8.88009599641
13 7.82895323568
2 0.324900958542
1 0.1
28 28.8515170118
2 0.324900958542
24 22.200313682
2 0.324900958542
2 0.324900958542
2 0.324900958542
2 0.324900958542
9 4.18998304957
13 7.82895323568
3 0.647300783992
1 0.1
11 5.89342233643
1 0.1
4 1.05560632862
18 13.6132950908
2 0.324900958542
3 0.647300783992
2 0.324900958542
1 0.1
1 0.1
9 4.18998304957
6 2.10308645184
6 2.10308645184
3 0.647300783992
1 0.1
1 0.1
40 52.905641564
5 1.5425846568
4 1.05560632862
1 0.1
2 0.324900958542
4 1.05560632862
3 0.647300783992
2 0.324900958542
5 1.5425846568
1 0.1
33 38.1481689877
39 50.676875673
5 1.5425846568
1 0.1
1 0.1
3 0.647300783992
1 0.1
3 0.647300783992
3 0.647300783992
2 0.324900958542
1 0.1
2 0.324900958542
4 1.05560632862
7 2.73317014399
4 1.05560632862
2 0.324900958542
2 0.324900958542
2 0.324900958542
2 0.324900958542
2 0.324900958542
2 0.324900958542
2 0.324900958542
2 0.324900958542
10 5.01187233627
2 0.324900958542
3 0.647300783992
2 0.324900958542
10 5.01187233627
19 14.9238584649
1 0.1
2 0.324900958542
2 0.324900958542
8 3.42967508012
3 0.647300783992
1 0.1
1 0.1
1 0.1
3 0.647300783992
4 1.05560632862
2 0.324900958542
9 4.18998304957
8 3.42967508012
2 0.324900958542
2 0.324900958542
1 0.1
3 0.647300783992
3 0.647300783992
5 1.5425846568
3 0.647300783992
2 0.324900958542
2 0.324900958542
1 0.1
2 0.324900958542
3 0.647300783992
1 0.1
6 2.10308645184
1 0.1
2 0.324900958542
2 0.324900958542
7 2.73317014399
4 1.05560632862
2 0.324900958542
2 0.324900958542
1 0.1
2 0.324900958542
2 0.324900958542
2 0.324900958542
48 72.1290319522
6 2.10308645184
1 0.1
4 1.05560632862
2 0.324900958542
9 4.18998304957
5 1.5425846568
11 5.89342233643
2 0.324900958542
5 1.5425846568
1 0.1
2 0.324900958542
3 0.647300783992
682 6568.0044282
1 0.1
3 0.647300783992
2 0.324900958542
2 0.324900958542
13 7.82895323568
2 0.324900958542
1 0.1
2 0.324900958542
3 0.647300783992
1 0.1
3 0.647300783992
4 1.05560632862
4 1.05560632862
3 0.647300783992
2 0.324900958542
3 0.647300783992
4 1.05560632862
5 1.5425846568
13 7.82895323568
2 0.324900958542
4 1.05560632862
3 0.647300783992
2 0.324900958542
8 3.42967508012
2 0.324900958542
2 0.324900958542
2 0.324900958542
2 0.324900958542
2 0.324900958542
6 2.10308645184
7 2.73317014399
1 0.1
6 2.10308645184
1 0.1
1 0.1
15 9.98516257721
9 4.18998304957
3 0.647300783992
1 0.1
2 0.324900958542
1 0.1
2 0.324900958542
3 0.647300783992
1 0.1
2 0.324900958542
4 1.05560632862
3 0.647300783992
2 0.324900958542
4 1.05560632862
10 5.01187233627
56 93.7388553255
5 1.5425846568
18 13.6132950908
1 0.1
8 3.42967508012
1 0.1
2 0.324900958542
3 0.647300783992
2 0.324900958542
2 0.324900958542
4 1.05560632862
7 2.73317014399
2 0.324900958542
1 0.1
7 2.73317014399
8 3.42967508012
2 0.324900958542
5 1.5425846568
1 0.1
4 1.05560632862
5 1.5425846568
28 28.8515170118
2 0.324900958542
1 0.1
3 0.647300783992
3 0.647300783992
2 0.324900958542
1 0.1
2 0.324900958542
47 69.5931282143
10 5.01187233627
3 0.647300783992
3 0.647300783992
2 0.324900958542
2 0.324900958542
9 4.18998304957
2 0.324900958542
1 0.1
3 0.647300783992
9 4.18998304957
4 1.05560632862
3 0.647300783992
2 0.324900958542
10 5.01187233627
1 0.1
3 0.647300783992
2 0.324900958542
2 0.324900958542
6 2.10308645184
3 0.647300783992
1 0.1
4 1.05560632862
1 0.1
6 2.10308645184
2 0.324900958542
7 2.73317014399
1 0.1
4 1.05560632862
3 0.647300783992
2 0.324900958542
3 0.647300783992
2 0.324900958542
1 0.1
1 0.1
2 0.324900958542
8 3.42967508012
2 0.324900958542
3 0.647300783992
3 0.647300783992
4 1.05560632862
4 1.05560632862
2 0.324900958542
4 1.05560632862
2 0.324900958542
4 1.05560632862
2 0.324900958542
1 0.1
1 0.1
2 0.324900958542
82 179.260064789
2 0.324900958542
2 0.324900958542
9 4.18998304957
2 0.324900958542
3 0.647300783992
20 16.2836212615
3 0.647300783992
1 0.1
12 6.83294804102
3 0.647300783992
1 0.1
2 0.324900958542
2 0.324900958542
1 0.1
18 13.6132950908
3 0.647300783992
5 1.5425846568
2 0.324900958542
3 0.647300783992
1 0.1
1 0.1
2 0.324900958542
13 7.82895323568
1 0.1
4 1.05560632862
4 1.05560632862
2 0.324900958542
2 0.324900958542
10 5.01187233627
2 0.324900958542
7 2.73317014399
3 0.647300783992
1 0.1
2 0.324900958542
3 0.647300783992
9 4.18998304957
2 0.324900958542
3 0.647300783992
1 0.1
3 0.647300783992
1 0.1
1 0.1
4 1.05560632862
1 0.1
13 7.82895323568
3 0.647300783992
3 0.647300783992
2 0.324900958542
18 13.6132950908
13 7.82895323568
2 0.324900958542
1277 19077.6345559
2 0.324900958542
6 2.10308645184
3 0.647300783992
2 0.324900958542
2 0.324900958542
2 0.324900958542
64 117.626711552
16 11.1430472102
2 0.324900958542
2 0.324900958542
1 0.1
3 0.647300783992
2 0.324900958542
4 1.05560632862
4 1.05560632862
2 0.324900958542
2 0.324900958542
2 0.324900958542
22 19.147785662
3 0.647300783992
2 0.324900958542
1 0.1
5 1.5425846568
5 1.5425846568
4 1.05560632862
2 0.324900958542
1 0.1
2 0.324900958542
4 1.05560632862
2 0.324900958542
5 1.5425846568
3 0.647300783992
40 52.905641564
3 0.647300783992
5 1.5425846568
2 0.324900958542
2 0.324900958542
6 2.10308645184
75 154.029585873
5 1.5425846568
2 0.324900958542
2 0.324900958542
2 0.324900958542
2 0.324900958542
2 0.324900958542
6 2.10308645184
3 0.647300783992
4 1.05560632862
4 1.05560632862
7 2.73317014399
5 1.5425846568
2 0.324900958542
1 0.1
1 0.1
3 0.647300783992
7 2.73317014399
3 0.647300783992
4 1.05560632862
6 2.10308645184
2 0.324900958542
4 1.05560632862
3 0.647300783992
2 0.324900958542
13 7.82895323568
2 0.324900958542
2 0.324900958542
1 0.1
2 0.324900958542
1 0.1
2 0.324900958542
4 1.05560632862
2 0.324900958542
5 1.5425846568
4 1.05560632862
2 0.324900958542
1 0.1
5 1.5425846568
1 0.1
1 0.1
3 0.647300783992
2 0.324900958542
2 0.324900958542
15 9.98516257721
2 0.324900958542
1 0.1
13 7.82895323568
2 0.324900958542
1 0.1
811 8817.29664339
56 93.7388553255
3 0.647300783992
1 0.1
5 1.5425846568
1 0.1
3 0.647300783992
19 14.9238584649
2 0.324900958542
2 0.324900958542
2 0.324900958542
18 13.6132950908
11 5.89342233643
2 0.324900958542
2 0.324900958542
12 6.83294804102
2 0.324900958542
5 1.5425846568
18 13.6132950908
7 2.73317014399
4 1.05560632862
2 0.324900958542
8 3.42967508012
1 0.1
3 0.647300783992
1 0.1
1 0.1
3 0.647300783992
2 0.324900958542
3 0.647300783992
423 2915.94027585
3 0.647300783992
3 0.647300783992
3 0.647300783992
7 2.73317014399
2 0.324900958542
1 0.1
2 0.324900958542
9 4.18998304957
4 1.05560632862
1 0.1
6 2.10308645184
2 0.324900958542
2 0.324900958542
2 0.324900958542
2 0.324900958542
3 0.647300783992
2 0.324900958542
2 0.324900958542
32 36.2038671968
4 1.05560632862
3 0.647300783992
5 1.5425846568
37 46.3386023834
3 0.647300783992
1 0.1
4 1.05560632862
1 0.1
2 0.324900958542
223 982.015329271
5 1.5425846568
3 0.647300783992
5 1.5425846568
3 0.647300783992
6 2.10308645184
4 1.05560632862
1 0.1
4 1.05560632862
1 0.1
2 0.324900958542
2 0.324900958542
1 0.1
2 0.324900958542
4 1.05560632862
5 1.5425846568
2 0.324900958542
7 2.73317014399
3 0.647300783992
5 1.5425846568
24 22.200313682
1 0.1
3 0.647300783992
1 0.1
2 0.324900958542
1 0.1
12 6.83294804102
4 1.05560632862
