6 2.10308645184
6 2.10308645184
7 2.73317014399
13 7.82895323568
5 1.5425846568
6 2.10308645184
15 9.98516257721
27 27.121793129
7 2.73317014399
5 1.5425846568
7 2.73317014399
204 844.056045102
33 38.1481689877
5 1.5425846568
7 2.73317014399
6 2.10308645184
7 2.73317014399
21 17.6918317699
5 1.5425846568
6 2.10308645184
6 2.10308645184
8 3.42967508012
8 3.42967508012
5 1.5425846568
5 1.5425846568
11 5.89342233643
12 6.83294804102
5 1.5425846568
5 1.5425846568
9 4.18998304957
7 2.73317014399
8 3.42967508012
9 4.18998304957
8 3.42967508012
38 48.4877592039
8 3.42967508012
5 1.5425846568
5 1.5425846568
24 22.200313682
6 2.10308645184
5 1.5425846568
17 12.3527361841
7 2.73317014399
6 2.10308645184
6 2.10308645184
5 1.5425846568
5 1.5425846568
5 1.5425846568
8 3.42967508012
6 2.10308645184
6 2.10308645184
5 1.5425846568
6 2.10308645184
5 1.5425846568
8 3.42967508012
27 27.121793129
30 32.4418889254
11 5.89342233643
6 2.10308645184
9 4.18998304957
5 1.5425846568
14 8.88009599641
7 2.73317014399
5 1.5425846568
6 2.10308645184
5 1.5425846568
6 2.10308645184
5 1.5425846568
6 2.10308645184
5 1.5425846568
5 1.5425846568
8 3.42967508012
14 8.88009599641
9 4.18998304957
6 2.10308645184
11 5.89342233643
5 1.5425846568
5 1.5425846568
7 2.73317014399
5 1.5425846568
7 2.73317014399
7 2.73317014399
5 1.5425846568
15 9.98516257721
5 1.5425846568
6 2.10308645184
6 2.10308645184
7 2.73317014399
7 2.73317014399
8 3.42967508012
9 4.18998304957
7 2.73317014399
9 4.18998304957
9 4.18998304957
16 11.1430472102
30 32.4418889254
5 1.5425846568
6 2.10308645184
7 2.73317014399
8 3.42967508012
7 2.73317014399
6 2.10308645184
12 6.83294804102
5 1.5425846568
16 11.1430472102
8 3.42967508012
8 3.42967508012
13 7.82895323568
6 2.10308645184
24 22.200313682
5 1.5425846568
8 3.42967508012
5 1.5425846568
7 2.73317014399
15 9.98516257721
5 1.5425846568
7 2.73317014399
5 1.5425846568
9 4.18998304957
5 1.5425846568
7 2.73317014399
5 1.5425846568
10 5.01187233627
8 3.42967508012
6 2.10308645184
10 5.01187233627
12 6.83294804102
6 2.10308645184
6 2.10308645184
6 2.10308645184
22 19.147785662
20 16.2836212615
9 4.18998304957
9 4.18998304957
5 1.5425846568
5 1.5425846568
7 2.73317014399
5 1.5425846568
8 3.42967508012
6 2.10308645184
5 1.5425846568
11 5.89342233643
5 1.5425846568
6 2.10308645184
6 2.10308645184
8 3.42967508012
6 2.10308645184
6 2.10308645184
8 3.42967508012
6 2.10308645184
14 8.88009599641
47 69.5931282143
5 1.5425846568
12 6.83294804102
9 4.18998304957
5 1.5425846568
8 3.42967508012
5 1.5425846568
5 1.5425846568
7 2.73317014399
9 4.18998304957
63 114.519365749
5 1.5425846568
11 5.89342233643
6 2.10308645184
6 2.10308645184
6 2.10308645184
5 1.5425846568
6 2.10308645184
6 2.10308645184
6 2.10308645184
15 9.98516257721
7 2.73317014399
6 2.10308645184
22 19.147785662
5 1.5425846568
6 2.10308645184
5 1.5425846568
6 2.10308645184
5 1.5425846568
5 1.5425846568
5 1.5425846568
6 2.10308645184
5 1.5425846568
5 1.5425846568
7 2.73317014399
7 2.73317014399
7 2.73317014399
6 2.10308645184
12 6.83294804102
6 2.10308645184
6 2.10308645184
14 8.88009599641
11 5.89342233643
6 2.10308645184
5 1.5425846568
5 1.5425846568
5 1.5425846568
6 2.10308645184
5 1.5425846568
6 2.10308645184
12 6.83294804102
5 1.5425846568
7 2.73317014399
9 4.18998304957
6 2.10308645184
22 19.147785662
7 2.73317014399
6 2.10308645184
24 22.200313682
25 23.7956742339
6 2.10308645184
9 4.18998304957
5 1.5425846568
5 1.5425846568
10 5.01187233627
5 1.5425846568
6 2.10308645184
9 4.18998304957
5 1.5425846568
5 1.5425846568
10 5.01187233627
5 1.5425846568
7 2.73317014399
5 1.5425846568
76 157.537194429
6 2.10308645184
20 16.2836212615
53 85.3628641365
5 1.5425846568
16 11.1430472102
14 8.88009599641
27 27.121793129
5 1.5425846568
7 2.73317014399
5 1.5425846568
11 5.89342233643
5 1.5425846568
5 1.5425846568
10 5.01187233627
6 2.10308645184
17 12.3527361841
5 1.5425846568
6 2.10308645184
5 1.5425846568
15 9.98516257721
5 1.5425846568
6 2.10308645184
5 1.5425846568
16 11.1430472102
6 2.10308645184
5 1.5425846568
15 9.98516257721
13 7.82895323568
5 1.5425846568
5 1.5425846568
6 2.10308645184
5 1.5425846568
8 3.42967508012
8 3.42967508012
11 5.89342233643
6 2.10308645184
5 1.5425846568
8 3.42967508012
10 5.01187233627
20 16.2836212615
7 2.73317014399
5 1.5425846568
15 9.98516257721
6 2.10308645184
5 1.5425846568
6 2.10308645184
5 1.5425846568
12 6.83294804102
7 2.73317014399
5 1.5425846568
5 1.5425846568
5 1.5425846568
5 1.5425846568
5 1.5425846568
8 3.42967508012
9 4.18998304957
7 2.73317014399
8 3.42967508012
54 88.1189658501
5 1.5425846568
6 2.10308645184
11 5.89342233643
7 2.73317014399
9 4.18998304957
13 7.82895323568
5 1.5425846568
7 2.73317014399
5 1.5425846568
6 2.10308645184
8 3.42967508012
16 11.1430472102
10 5.01187233627
8 3.42967508012
6 2.10308645184
20 16.2836212615
8 3.42967508012
8 3.42967508012
12 6.83294804102
8 3.42967508012
5 1.5425846568
25 23.7956742339
5 1.5425846568
5 1.5425846568
21 17.6918317699
5 1.5425846568
14 8.88009599641
7 2.73317014399
6 2.10308645184
6 2.10308645184
5 1.5425846568
8 3.42967508012
5 1.5425846568
5 1.5425846568
6 2.10308645184
6 2.10308645184
6 2.10308645184
8 3.42967508012
10 5.01187233627
9 4.18998304957
5 1.5425846568
6 2.10308645184
6 2.10308645184
27 27.121793129
6 2.10308645184
9 4.18998304957
6 2.10308645184
5 1.5425846568
5 1.5425846568
6 2.10308645184
9 4.18998304957
5 1.5425846568
7 2.73317014399
18 13.6132950908
5 1.5425846568
5 1.5425846568
13 7.82895323568
6 2.10308645184
8 3.42967508012
7 2.73317014399
5 1.5425846568
9 4.18998304957
5 1.5425846568
8 3.42967508012
6 2.10308645184
30 32.4418889254
9 4.18998304957
18 13.6132950908
5 1.5425846568
11 5.89342233643
5 1.5425846568
6 2.10308645184
8 3.42967508012
7 2.73317014399
5 1.5425846568
8 3.42967508012
6 2.10308645184
6 2.10308645184
7 2.73317014399
13 7.82895323568
11 5.89342233643
9 4.18998304957
11 5.89342233643
21 17.6918317699
10 5.01187233627
7 2.73317014399
82 179.260064789
15 9.98516257721
5 1.5425846568
6 2.10308645184
12 6.83294804102
5 1.5425846568
5 1.5425846568
7 2.73317014399
5 1.5425846568
5 1.5425846568
7 2.73317014399
13 7.82895323568
6 2.10308645184
11 5.89342233643
5 1.5425846568
6 2.10308645184
26 25.4363441066
6 2.10308645184
5 1.5425846568
24 22.200313682
5 1.5425846568
5 1.5425846568
6 2.10308645184
47 69.5931282143
5 1.5425846568
13 7.82895323568
12 6.83294804102
5 1.5425846568
15 9.98516257721
6 2.10308645184
7 2.73317014399
5 1.5425846568
11 5.89342233643
29 30.6250351918
8 3.42967508012
5 1.5425846568
8 3.42967508012
5 1.5425846568
7 2.73317014399
6 2.10308645184
5 1.5425846568
11 5.89342233643
5 1.5425846568
6 2.10308645184
5 1.5425846568
5 1.5425846568
43 59.8268827158
22 19.147785662
6 2.10308645184
7 2.73317014399
5 1.5425846568
5 1.5425846568
9 4.18998304957
6 2.10308645184
6 2.10308645184
12 6.83294804102
12 6.83294804102
11 5.89342233643
5 1.5425846568
14 8.88009599641
5 1.5425846568
5 1.5425846568
5 1.5425846568
6 2.10308645184
5 1.5425846568
5 1.5425846568
6 2.10308645184
5 1.5425846568
5 1.5425846568
13 7.82895323568
12 6.83294804102
6 2.10308645184
7 2.73317014399
7 2.73317014399
6 2.10308645184
5 1.5425846568
5 1.5425846568
14 8.88009599641
16 11.1430472102
36 44.2297262393
7 2.73317014399
40 52.905641564
8 3.42967508012
5 1.5425846568
5 1.5425846568
7 2.73317014399
5 1.5425846568
15 9.98516257721
7 2.73317014399
8 3.42967508012
8 3.42967508012
11 5.89342233643
5 1.5425846568
32 36.2038671968
5 1.5425846568
6 2.10308645184
51 79.9593581641
5 1.5425846568
5 1.5425846568
7 2.73317014399
9 4.18998304957
17 12.3527361841
5 1.5425846568
5 1.5425846568
5 1.5425846568
6 2.10308645184
9 4.18998304957
5 1.5425846568
8 3.42967508012
8 3.42967508012
8 3.42967508012
5 1.5425846568
6 2.10308645184
9 4.18998304957
6 2.10308645184
5 1.5425846568
10 5.01187233627
7 2.73317014399
5 1.5425846568
5 1.5425846568
9 4.18998304957
13 7.82895323568
5 1.5425846568
6 2.10308645184
9 4.18998304957
7 2.73317014399
7 2.73317014399
5 1.5425846568
9 4.18998304957
6 2.10308645184
10 5.01187233627
13 7.82895323568
10 5.01187233627
5 1.5425846568
6 2.10308645184
5 1.5425846568
5 1.5425846568
7 2.73317014399
7 2.73317014399
8 3.42967508012
5 1.5425846568
14 8.88009599641
5 1.5425846568
16 11.1430472102
9 4.18998304957
9 4.18998304957
10 5.01187233627
5 1.5425846568
6 2.10308645184
5 1.5425846568
6 2.10308645184
9 4.18998304957
9 4.18998304957
11 5.89342233643
5 1.5425846568
5 1.5425846568
7 2.73317014399
15 9.98516257721
6 2.10308645184
8 3.42967508012
5 1.5425846568
5 1.5425846568
5 1.5425846568
7 2.73317014399
5 1.5425846568
33 38.1481689877
19 14.9238584649
7 2.73317014399
8 3.42967508012
7 2.73317014399
7 2.73317014399
6 2.10308645184
5 1.5425846568
20 16.2836212615
6 2.10308645184
5 1.5425846568
9 4.18998304957
9 4.18998304957
5 1.5425846568
5 1.5425846568
5 1.5425846568
14 8.88009599641
46 67.0947152148
136 423.658714618
6 2.10308645184
12 6.83294804102
7 2.73317014399
5 1.5425846568
5 1.5425846568
7 2.73317014399
6 2.10308645184
10 5.01187233627
8 3.42967508012
6 2.10308645184
5 1.5425846568
9 4.18998304957
6 2.10308645184
30 32.4418889254
6 2.10308645184
6 2.10308645184
9 4.18998304957
6 2.10308645184
7 2.73317014399
6 2.10308645184
9 4.18998304957
29 30.6250351918
13 7.82895323568
7 2.73317014399
97 238.512941393
5 1.5425846568
7 2.73317014399
5 1.5425846568
6 2.10308645184
5 1.5425846568
13 7.82895323568
7 2.73317014399
5 1.5425846568
7 2.73317014399
20 16.2836212615
6 2.10308645184
12 6.83294804102
8 3.42967508012
9 4.18998304957
6 2.10308645184
5 1.5425846568
6 2.10308645184
6 2.10308645184
6 2.10308645184
6 2.10308645184
7 2.73317014399
8 3.42967508012
6 2.10308645184
14 8.88009599641
7 2.73317014399
5 1.5425846568
10 5.01187233627
71 140.326338307
27 27.121793129
13 7.82895323568
7 2.73317014399
5 1.5425846568
6 2.10308645184
7 2.73317014399
9 4.18998304957
7 2.73317014399
8 3.42967508012
10 5.01187233627
8 3.42967508012
16 11.1430472102
16 11.1430472102
6 2.10308645184
7 2.73317014399
6 2.10308645184
11 5.89342233643
5 1.5425846568
5 1.5425846568
5 1.5425846568
8 3.42967508012
8 3.42967508012
9 4.18998304957
6 2.10308645184
6 2.10308645184
6 2.10308645184
7 2.73317014399
11 5.89342233643
8 3.42967508012
5 1.5425846568
9 4.18998304957
13 7.82895323568
7 2.73317014399
5 1.5425846568
6 2.10308645184
6 2.10308645184
7 2.73317014399
7 2.73317014399
5 1.5425846568
5 1.5425846568
5 1.5425846568
5 1.5425846568
7 2.73317014399
12 6.83294804102
7 2.73317014399
5 1.5425846568
6 2.10308645184
6 2.10308645184
5 1.5425846568
5 1.5425846568
5 1.5425846568
7 2.73317014399
6 2.10308645184
19 14.9238584649
6 2.10308645184
19 14.9238584649
8 3.42967508012
6 2.10308645184
5 1.5425846568
6 2.10308645184
7 2.73317014399
5 1.5425846568
9 4.18998304957
7 2.73317014399
5 1.5425846568
5 1.5425846568
7 2.73317014399
5 1.5425846568
8 3.42967508012
6 2.10308645184
6 2.10308645184
9 4.18998304957
11 5.89342233643
5 1.5425846568
5 1.5425846568
5 1.5425846568
12 6.83294804102
5 1.5425846568
5 1.5425846568
7 2.73317014399
6 2.10308645184
6 2.10308645184
6 2.10308645184
8 3.42967508012
14 8.88009599641
5 1.5425846568
7 2.73317014399
5 1.5425846568
22 19.147785662
5 1.5425846568
58 99.501032892
9 4.18998304957
8 3.42967508012
5 1.5425846568
9 4.18998304957
14 8.88009599641
5 1.5425846568
8 3.42967508012
5 1.5425846568
8 3.42967508012
6 2.10308645184
5 1.5425846568
5 1.5425846568
7 2.73317014399
5 1.5425846568
5 1.5425846568
5 1.5425846568
5 1.5425846568
5 1.5425846568
52 82.6429258204
5 1.5425846568
7 2.73317014399
8 3.42967508012
5 1.5425846568
13 7.82895323568
5 1.5425846568
7 2.73317014399
5 1.5425846568
7 2.73317014399
9 4.18998304957
5 1.5425846568
6 2.10308645184
9 4.18998304957
5 1.5425846568
7 2.73317014399
5 1.5425846568
11 5.89342233643
5 1.5425846568
6 2.10308645184
6 2.10308645184
6 2.10308645184
5 1.5425846568
7 2.73317014399
6 2.10308645184
5 1.5425846568
5 1.5425846568
6 2.10308645184
26 25.4363441066
5 1.5425846568
10 5.01187233627
5 1.5425846568
5 1.5425846568
5 1.5425846568
7 2.73317014399
13 7.82895323568
7 2.73317014399
7 2.73317014399
11 5.89342233643
7 2.73317014399
8 3.42967508012
6 2.10308645184
5 1.5425846568
10 5.01187233627
5 1.5425846568
13 7.82895323568
5 1.5425846568
12 6.83294804102
5 1.5425846568
33 38.1481689877
8 3.42967508012
6 2.10308645184
7 2.73317014399
5 1.5425846568
13 7.82895323568
5 1.5425846568
9 4.18998304957
5 1.5425846568
8 3.42967508012
5 1.5425846568
6 2.10308645184
5 1.5425846568
7 2.73317014399
17 12.3527361841
8 3.42967508012
8 3.42967508012
96 234.3479162
6 2.10308645184
13 7.82895323568
6 2.10308645184
9 4.18998304957
13 7.82895323568
9 4.18998304957
16 11.1430472102
8 3.42967508012
6 2.10308645184
5 1.5425846568
5 1.5425846568
5 1.5425846568
11 5.89342233643
5 1.5425846568
5 1.5425846568
8 3.42967508012
5 1.5425846568
5 1.5425846568
8 3.42967508012
6 2.10308645184
7 2.73317014399
5 1.5425846568
5 1.5425846568
6 2.10308645184
5 1.5425846568
8 3.42967508012
6 2.10308645184
6 2.10308645184
6 2.10308645184
11 5.89342233643
20 16.2836212615
5 1.5425846568
5 1.5425846568
6 2.10308645184
6 2.10308645184
7 2.73317014399
6 2.10308645184
6 2.10308645184
17 12.3527361841
9 4.18998304957
7 2.73317014399
17 12.3527361841
8 3.42967508012
9 4.18998304957
5 1.5425846568
7 2.73317014399
15 9.98516257721
11 5.89342233643
5 1.5425846568
7 2.73317014399
9 4.18998304957
9 4.18998304957
8 3.42967508012
8 3.42967508012
11 5.89342233643
5 1.5425846568
5 1.5425846568
5 1.5425846568
5 1.5425846568
5 1.5425846568
6 2.10308645184
6 2.10308645184
5 1.5425846568
10 5.01187233627
5 1.5425846568
12 6.83294804102
6 2.10308645184
6 2.10308645184
5 1.5425846568
5 1.5425846568
5 1.5425846568
15 9.98516257721
11 5.89342233643
5 1.5425846568
16 11.1430472102
9 4.18998304957
21 17.6918317699
10 5.01187233627
14 8.88009599641
8 3.42967508012
6 2.10308645184
5 1.5425846568
7 2.73317014399
12 6.83294804102
6 2.10308645184
5 1.5425846568
5 1.5425846568
8 3.42967508012
8 3.42967508012
5 1.5425846568
5 1.5425846568
5 1.5425846568
5 1.5425846568
10 5.01187233627
5 1.5425846568
9 4.18998304957
5 1.5425846568
9 4.18998304957
5 1.5425846568
5 1.5425846568
9 4.18998304957
8 3.42967508012
5 1.5425846568
6 2.10308645184
8 3.42967508012
36 44.2297262393
5 1.5425846568
6 2.10308645184
5 1.5425846568
6 2.10308645184
5 1.5425846568
5 1.5425846568
5 1.5425846568
5 1.5425846568
5 1.5425846568
5 1.5425846568
5 1.5425846568
21 17.6918317699
9 4.18998304957
6 2.10308645184
6 2.10308645184
7 2.73317014399
7 2.73317014399
5 1.5425846568
8 3.42967508012
39 50.676875673
5 1.5425846568
7 2.73317014399
24 22.200313682
6 2.10308645184
10 5.01187233627
10 5.01187233627
11 5.89342233643
8 3.42967508012
5 1.5425846568
10 5.01187233627
5 1.5425846568
24 22.200313682
6 2.10308645184
5 1.5425846568
6 2.10308645184
8 3.42967508012
8 3.42967508012
6 2.10308645184
5 1.5425846568
8 3.42967508012
18 13.6132950908
6 2.10308645184
6 2.10308645184
17 12.3527361841
6 2.10308645184
5 1.5425846568
7 2.73317014399
6 2.10308645184
7 2.73317014399
9 4.18998304957
7 2.73317014399
7 2.73317014399
5 1.5425846568
9 4.18998304957
19 14.9238584649
6 2.10308645184
7 2.73317014399
19 14.9238584649
6 2.10308645184
6 2.10308645184
7 2.73317014399
5 1.5425846568
7 2.73317014399
6 2.10308645184
5 1.5425846568
6 2.10308645184
5 1.5425846568
11 5.89342233643
9 4.18998304957
11 5.89342233643
8 3.42967508012
29 30.6250351918
7 2.73317014399
9 4.18998304957
11 5.89342233643
6 2.10308645184
5 1.5425846568
12 6.83294804102
5 1.5425846568
6 2.10308645184
6 2.10308645184
5 1.5425846568
7 2.73317014399
6 2.10308645184
9 4.18998304957
7 2.73317014399
9 4.18998304957
5 1.5425846568
7 2.73317014399
6 2.10308645184
8 3.42967508012
5 1.5425846568
5 1.5425846568
10 5.01187233627
8 3.42967508012
9 4.18998304957
5 1.5425846568
7 2.73317014399
21 17.6918317699
8 3.42967508012
6 2.10308645184
5 1.5425846568
5 1.5425846568
6 2.10308645184
5 1.5425846568
10 5.01187233627
6 2.10308645184
5 1.5425846568
5 1.5425846568
6 2.10308645184
8 3.42967508012
6 2.10308645184
5 1.5425846568
47 69.5931282143
12 6.83294804102
6 2.10308645184
5 1.5425846568
16 11.1430472102
6 2.10308645184
13 7.82895323568
5 1.5425846568
13 7.82895323568
8 3.42967508012
5 1.5425846568
20 16.2836212615
6 2.10308645184
9 4.18998304957
19 14.9238584649
5 1.5425846568
7 2.73317014399
6 2.10308645184
24 22.200313682
5 1.5425846568
5 1.5425846568
5 1.5425846568
6 2.10308645184
13 7.82895323568
5 1.5425846568
5 1.5425846568
12 6.83294804102
7 2.73317014399
8 3.42967508012
6 2.10308645184
7 2.73317014399
5 1.5425846568
8 3.42967508012
62 111.44635584
5 1.5425846568
5 1.5425846568
5 1.5425846568
7 2.73317014399
5 1.5425846568
6 2.10308645184
5 1.5425846568
6 2.10308645184
7 2.73317014399
18 13.6132950908
13 7.82895323568
6 2.10308645184
17 12.3527361841
21 17.6918317699
8 3.42967508012
9 4.18998304957
5 1.5425846568
5 1.5425846568
6 2.10308645184
6 2.10308645184
5 1.5425846568
13 7.82895323568
12 6.83294804102
5 1.5425846568
7 2.73317014399
8 3.42967508012
9 4.18998304957
7 2.73317014399
6 2.10308645184
8 3.42967508012
9 4.18998304957
6 2.10308645184
5 1.5425846568
8 3.42967508012
9 4.18998304957
5 1.5425846568
5 1.5425846568
5 1.5425846568
5 1.5425846568
5 1.5425846568
7 2.73317014399
5 1.5425846568
18 13.6132950908
6 2.10308645184
7 2.73317014399
17 12.3527361841
8 3.42967508012
8 3.42967508012
5 1.5425846568
5 1.5425846568
5 1.5425846568
5 1.5425846568
71 140.326338307
5 1.5425846568
23 20.6508209504
10 5.01187233627
19 14.9238584649
7 2.73317014399
16 11.1430472102
5 1.5425846568
5 1.5425846568
34 40.1341582683
7 2.73317014399
11 5.89342233643
5 1.5425846568
7 2.73317014399
5 1.5425846568
5 1.5425846568
7 2.73317014399
20 16.2836212615
14 8.88009599641
7 2.73317014399
12 6.83294804102
5 1.5425846568
5 1.5425846568
10 5.01187233627
6 2.10308645184
6 2.10308645184
5 1.5425846568
16 11.1430472102
5 1.5425846568
5 1.5425846568
5 1.5425846568
6 2.10308645184
7 2.73317014399
11 5.89342233643
6 2.10308645184
9 4.18998304957
13 7.82895323568
7 2.73317014399
6 2.10308645184
7 2.73317014399
5 1.5425846568
7 2.73317014399
6 2.10308645184
9 4.18998304957
10 5.01187233627
6 2.10308645184
9 4.18998304957
21 17.6918317699
5 1.5425846568
5 1.5425846568
9 4.18998304957
6 2.10308645184
7 2.73317014399
5 1.5425846568
7 2.73317014399
6 2.10308645184
5 1.5425846568
7 2.73317014399
5 1.5425846568
5 1.5425846568
5 1.5425846568
5 1.5425846568
8 3.42967508012
6 2.10308645184
7 2.73317014399
23 20.6508209504
5 1.5425846568
6 2.10308645184
8 3.42967508012
15 9.98516257721
7 2.73317014399
5 1.5425846568
42 57.480931004
9 4.18998304957
9 4.18998304957
16 11.1430472102
10 5.01187233627
8 3.42967508012
5 1.5425846568
16 11.1430472102
6 2.10308645184
7 2.73317014399
5 1.5425846568
5 1.5425846568
9 4.18998304957
10 5.01187233627
5 1.5425846568
28 28.8515170118
5 1.5425846568
15 9.98516257721
8 3.42967508012
7 2.73317014399
9 4.18998304957
5 1.5425846568
6 2.10308645184
5 1.5425846568
5 1.5425846568
6 2.10308645184
6 2.10308645184
5 1.5425846568
5 1.5425846568
10 5.01187233627
6 2.10308645184
5 1.5425846568
5 1.5425846568
5 1.5425846568
8 3.42967508012
5 1.5425846568
14 8.88009599641
8 3.42967508012
9 4.18998304957
5 1.5425846568
18 13.6132950908
5 1.5425846568
9 4.18998304957
15 9.98516257721
10 5.01187233627
5 1.5425846568
6 2.10308645184
9 4.18998304957
5 1.5425846568
8 3.42967508012
7 2.73317014399
14 8.88009599641
10 5.01187233627
11 5.89342233643
14 8.88009599641
5 1.5425846568
10 5.01187233627
6 2.10308645184
5 1.5425846568
11 5.89342233643
6 2.10308645184
5 1.5425846568
11 5.89342233643
17 12.3527361841
7 2.73317014399
5 1.5425846568
6 2.10308645184
5 1.5425846568
14 8.88009599641
5 1.5425846568
6 2.10308645184
6 2.10308645184
5 1.5425846568
5 1.5425846568
5 1.5425846568
6 2.10308645184
12 6.83294804102
5 1.5425846568
12 6.83294804102
6 2.10308645184
9 4.18998304957
26 25.4363441066
5 1.5425846568
6 2.10308645184
5 1.5425846568
11 5.89342233643
5 1.5425846568
38 48.4877592039
5 1.5425846568
13 7.82895323568
5 1.5425846568
25 23.7956742339
12 6.83294804102
7 2.73317014399
6 2.10308645184
5 1.5425846568
9 4.18998304957
8 3.42967508012
7 2.73317014399
10 5.01187233627
9 4.18998304957
29 30.6250351918
6 2.10308645184
5 1.5425846568
5 1.5425846568
5 1.5425846568
6 2.10308645184
11 5.89342233643
5 1.5425846568
5 1.5425846568
6 2.10308645184
5 1.5425846568
12 6.83294804102
7 2.73317014399
5 1.5425846568
7 2.73317014399
6 2.10308645184
5 1.5425846568
13 7.82895323568
5 1.5425846568
5 1.5425846568
6 2.10308645184
6 2.10308645184
5 1.5425846568
11 5.89342233643
15 9.98516257721
11 5.89342233643
7 2.73317014399
6 2.10308645184
6 2.10308645184
7 2.73317014399
17 12.3527361841
7 2.73317014399
10 5.01187233627
20 16.2836212615
14 8.88009599641
5 1.5425846568
7 2.73317014399
10 5.01187233627
6 2.10308645184
7 2.73317014399
17 12.3527361841
5 1.5425846568
26 25.4363441066
6 2.10308645184
17 12.3527361841
9 4.18998304957
7 2.73317014399
5 1.5425846568
7 2.73317014399
5 1.5425846568
10 5.01187233627
10 5.01187233627
6 2.10308645184
6 2.10308645184
5 1.5425846568
6 2.10308645184
8 3.42967508012
5 1.5425846568
5 1.5425846568
6 2.10308645184
5 1.5425846568
15 9.98516257721
5 1.5425846568
6 2.10308645184
5 1.5425846568
9 4.18998304957
10 5.01187233627
13 7.82895323568
11 5.89342233643
7 2.73317014399
19 14.9238584649
9 4.18998304957
8 3.42967508012
19 14.9238584649
8 3.42967508012
8 3.42967508012
12 6.83294804102
6 2.10308645184
11 5.89342233643
5 1.5425846568
6 2.10308645184
13 7.82895323568
6 2.10308645184
6 2.10308645184
11 5.89342233643
6 2.10308645184
8 3.42967508012
12 6.83294804102
6 2.10308645184
6 2.10308645184
12 6.83294804102
13 7.82895323568
5 1.5425846568
10 5.01187233627
5 1.5425846568
8 3.42967508012
6 2.10308645184
6 2.10308645184
8 3.42967508012
6 2.10308645184
11 5.89342233643
11 5.89342233643
65 120.768231402
10 5.01187233627
7 2.73317014399
7 2.73317014399
6 2.10308645184
9 4.18998304957
21 17.6918317699
6 2.10308645184
8 3.42967508012
6 2.10308645184
8 3.42967508012
43 59.8268827158
6 2.10308645184
5 1.5425846568
5 1.5425846568
5 1.5425846568
5 1.5425846568
35 42.1614632854
7 2.73317014399
6 2.10308645184
12 6.83294804102
5 1.5425846568
6 2.10308645184
5 1.5425846568
5 1.5425846568
5 1.5425846568
5 1.5425846568
7 2.73317014399
8 3.42967508012
12 6.83294804102
7 2.73317014399
5 1.5425846568
21 17.6918317699
5 1.5425846568
6 2.10308645184
5 1.5425846568
5 1.5425846568
5 1.5425846568
5 1.5425846568
50 77.3123736777
6 2.10308645184
10 5.01187233627
23 20.6508209504
6 2.10308645184
5 1.5425846568
25 23.7956742339
11 5.89342233643
42 57.480931004
12 6.83294804102
20 16.2836212615
8 3.42967508012
6 2.10308645184
5 1.5425846568
6 2.10308645184
6 2.10308645184
6 2.10308645184
5 1.5425846568
6 2.10308645184
13 7.82895323568
5 1.5425846568
8 3.42967508012
7 2.73317014399
6 2.10308645184
6 2.10308645184
9 4.18998304957
5 1.5425846568
22 19.147785662
8 3.42967508012
6 2.10308645184
18 13.6132950908
5 1.5425846568
6 2.10308645184
6 2.10308645184
5 1.5425846568
7 2.73317014399
7 2.73317014399
8 3.42967508012
9 4.18998304957
15 9.98516257721
6 2.10308645184
9 4.18998304957
6 2.10308645184
5 1.5425846568
7 2.73317014399
5 1.5425846568
7 2.73317014399
7 2.73317014399
6 2.10308645184
7 2.73317014399
5 1.5425846568
6 2.10308645184
5 1.5425846568
9 4.18998304957
15 9.98516257721
6 2.10308645184
23 20.6508209504
5 1.5425846568
6 2.10308645184
5 1.5425846568
5 1.5425846568
7 2.73317014399
11 5.89342233643
5 1.5425846568
5 1.5425846568
14 8.88009599641
9 4.18998304957
5 1.5425846568
6 2.10308645184
5 1.5425846568
5 1.5425846568
6 2.10308645184
6 2.10308645184
23 20.6508209504
5 1.5425846568
5 1.5425846568
5 1.5425846568
9 4.18998304957
11 5.89342233643
10 5.01187233627
8 3.42967508012
12 6.83294804102
6 2.10308645184
13 7.82895323568
5 1.5425846568
5 1.5425846568
6 2.10308645184
7 2.73317014399
5 1.5425846568
5 1.5425846568
7 2.73317014399
5 1.5425846568
8 3.42967508012
5 1.5425846568
8 3.42967508012
6 2.10308645184
5 1.5425846568
7 2.73317014399
6 2.10308645184
5 1.5425846568
9 4.18998304957
5 1.5425846568
8 3.42967508012
8 3.42967508012
18 13.6132950908
5 1.5425846568
10 5.01187233627
12 6.83294804102
11 5.89342233643
6 2.10308645184
6 2.10308645184
10 5.01187233627
6 2.10308645184
6 2.10308645184
8 3.42967508012
5 1.5425846568
7 2.73317014399
13 7.82895323568
6 2.10308645184
5 1.5425846568
14 8.88009599641
7 2.73317014399
14 8.88009599641
5 1.5425846568
5 1.5425846568
9 4.18998304957
16 11.1430472102
8 3.42967508012
5 1.5425846568
10 5.01187233627
8 3.42967508012
7 2.73317014399
8 3.42967508012
5 1.5425846568
6 2.10308645184
5 1.5425846568
7 2.73317014399
7 2.73317014399
8 3.42967508012
6 2.10308645184
6 2.10308645184
19 14.9238584649
5 1.5425846568
5 1.5425846568
5 1.5425846568
6 2.10308645184
9 4.18998304957
22 19.147785662
8 3.42967508012
5 1.5425846568
73 147.112258258
5 1.5425846568
6 2.10308645184
8 3.42967508012
7 2.73317014399
8 3.42967508012
8 3.42967508012
5 1.5425846568
11 5.89342233643
5 1.5425846568
6 2.10308645184
5 1.5425846568
44 62.2113391556
6 2.10308645184
12 6.83294804102
7 2.73317014399
5 1.5425846568
6 2.10308645184
6 2.10308645184
13 7.82895323568
11 5.89342233643
24 22.200313682
7 2.73317014399
8 3.42967508012
7 2.73317014399
5 1.5425846568
5 1.5425846568
6 2.10308645184
7 2.73317014399
22 19.147785662
6 2.10308645184
13 7.82895323568
5 1.5425846568
9 4.18998304957
5 1.5425846568
11 5.89342233643
5 1.5425846568
8 3.42967508012
7 2.73317014399
7 2.73317014399
5 1.5425846568
6 2.10308645184
7 2.73317014399
5 1.5425846568
6 2.10308645184
6 2.10308645184
13 7.82895323568
6 2.10308645184
7 2.73317014399
9 4.18998304957
5 1.5425846568
5 1.5425846568
5 1.5425846568
10 5.01187233627
16 11.1430472102
11 5.89342233643
8 3.42967508012
24 22.200313682
5 1.5425846568
5 1.5425846568
6 2.10308645184
5 1.5425846568
7 2.73317014399
7 2.73317014399
13 7.82895323568
6 2.10308645184
6 2.10308645184
5 1.5425846568
8 3.42967508012
5 1.5425846568
6 2.10308645184
6 2.10308645184
8 3.42967508012
24 22.200313682
9 4.18998304957
10 5.01187233627
10 5.01187233627
10 5.01187233627
6 2.10308645184
6 2.10308645184
6 2.10308645184
11 5.89342233643
5 1.5425846568
5 1.5425846568
10 5.01187233627
5 1.5425846568
8 3.42967508012
7 2.73317014399
8 3.42967508012
7 2.73317014399
8 3.42967508012
6 2.10308645184
17 12.3527361841
10 5.01187233627
7 2.73317014399
11 5.89342233643
8 3.42967508012
8 3.42967508012
7 2.73317014399
6 2.10308645184
8 3.42967508012
6 2.10308645184
5 1.5425846568
5 1.5425846568
5 1.5425846568
5 1.5425846568
5 1.5425846568
6 2.10308645184
11 5.89342233643
19 14.9238584649
11 5.89342233643
10 5.01187233627
5 1.5425846568
5 1.5425846568
8 3.42967508012
5 1.5425846568
8 3.42967508012
18 13.6132950908
6 2.10308645184
5 1.5425846568
12 6.83294804102
20 16.2836212615
7 2.73317014399
10 5.01187233627
7 2.73317014399
13 7.82895323568
12 6.83294804102
14 8.88009599641
5 1.5425846568
5 1.5425846568
5 1.5425846568
7 2.73317014399
18 13.6132950908
5 1.5425846568
7 2.73317014399
9 4.18998304957
11 5.89342233643
7 2.73317014399
6 2.10308645184
6 2.10308645184
19 14.9238584649
6 2.10308645184
15 9.98516257721
6 2.10308645184
7 2.73317014399
5 1.5425846568
6 2.10308645184
20 16.2836212615
6 2.10308645184
44 62.2113391556
7 2.73317014399
5 1.5425846568
14 8.88009599641
6 2.10308645184
12 6.83294804102
7 2.73317014399
8 3.42967508012
5 1.5425846568
6 2.10308645184
5 1.5425846568
8 3.42967508012
8 3.42967508012
16 11.1430472102
6 2.10308645184
5 1.5425846568
5 1.5425846568
5 1.5425846568
7 2.73317014399
5 1.5425846568
11 5.89342233643
6 2.10308645184
6 2.10308645184
6 2.10308645184
12 6.83294804102
12 6.83294804102
6 2.10308645184
31 34.3016395949
8 3.42967508012
10 5.01187233627
5 1.5425846568
5 1.5425846568
20 16.2836212615
14 8.88009599641
5 1.5425846568
6 2.10308645184
422 2904.23106573
18 13.6132950908
6 2.10308645184
5 1.5425846568
5 1.5425846568
8 3.42967508012
10 5.01187233627
5 1.5425846568
8 3.42967508012
8 3.42967508012
7 2.73317014399
27 27.121793129
5 1.5425846568
12 6.83294804102
8 3.42967508012
47 69.5931282143
5 1.5425846568
7 2.73317014399
7 2.73317014399
5 1.5425846568
6 2.10308645184
6 2.10308645184
11 5.89342233643
5 1.5425846568
8 3.42967508012
8 3.42967508012
5 1.5425846568
8 3.42967508012
9 4.18998304957
10 5.01187233627
9 4.18998304957
5 1.5425846568
5 1.5425846568
6 2.10308645184
7 2.73317014399
5 1.5425846568
7 2.73317014399
5 1.5425846568
21 17.6918317699
11 5.89342233643
5 1.5425846568
6 2.10308645184
8 3.42967508012
6 2.10308645184
7 2.73317014399
5 1.5425846568
6 2.10308645184
5 1.5425846568
13 7.82895323568
7 2.73317014399
5 1.5425846568
13 7.82895323568
6 2.10308645184
7 2.73317014399
5 1.5425846568
6 2.10308645184
5 1.5425846568
6 2.10308645184
6 2.10308645184
11 5.89342233643
25 23.7956742339
15 9.98516257721
5 1.5425846568
5 1.5425846568
5 1.5425846568
5 1.5425846568
8 3.42967508012
27 27.121793129
5 1.5425846568
5 1.5425846568
6 2.10308645184
13 7.82895323568
6 2.10308645184
5 1.5425846568
8 3.42967508012
5 1.5425846568
6 2.10308645184
5 1.5425846568
5 1.5425846568
5 1.5425846568
6 2.10308645184
7 2.73317014399
6 2.10308645184
17 12.3527361841
35 42.1614632854
5 1.5425846568
26 25.4363441066
32 36.2038671968
7 2.73317014399
5 1.5425846568
6 2.10308645184
11 5.89342233643
12 6.83294804102
8 3.42967508012
6 2.10308645184
5 1.5425846568
5 1.5425846568
7 2.73317014399
9 4.18998304957
5 1.5425846568
8 3.42967508012
5 1.5425846568
5 1.5425846568
15 9.98516257721
6 2.10308645184
5 1.5425846568
9 4.18998304957
11 5.89342233643
9 4.18998304957
6 2.10308645184
7 2.73317014399
8 3.42967508012
17 12.3527361841
5 1.5425846568
5 1.5425846568
12 6.83294804102
7 2.73317014399
8 3.42967508012
11 5.89342233643
5 1.5425846568
10 5.01187233627
5 1.5425846568
7 2.73317014399
5 1.5425846568
5 1.5425846568
6 2.10308645184
5 1.5425846568
11 5.89342233643
8 3.42967508012
7 2.73317014399
17 12.3527361841
8 3.42967508012
6 2.10308645184
41 55.1737568253
7 2.73317014399
7 2.73317014399
6 2.10308645184
8 3.42967508012
9 4.18998304957
22 19.147785662
6 2.10308645184
12 6.83294804102
5 1.5425846568
8 3.42967508012
7 2.73317014399
6 2.10308645184
5 1.5425846568
8 3.42967508012
6 2.10308645184
5 1.5425846568
8 3.42967508012
15 9.98516257721
8 3.42967508012
5 1.5425846568
6 2.10308645184
6 2.10308645184
6 2.10308645184
17 12.3527361841
25 23.7956742339
52 82.6429258204
13 7.82895323568
5 1.5425846568
6 2.10308645184
8 3.42967508012
5 1.5425846568
9 4.18998304957
16 11.1430472102
7 2.73317014399
5 1.5425846568
11 5.89342233643
5 1.5425846568
5 1.5425846568
5 1.5425846568
5 1.5425846568
6 2.10308645184
5 1.5425846568
5 1.5425846568
5 1.5425846568
5 1.5425846568
5 1.5425846568
7 2.73317014399
6 2.10308645184
29 30.6250351918
6 2.10308645184
6 2.10308645184
5 1.5425846568
6 2.10308645184
6 2.10308645184
8 3.42967508012
11 5.89342233643
6 2.10308645184
5 1.5425846568
6 2.10308645184
5 1.5425846568
7 2.73317014399
7 2.73317014399
5 1.5425846568
5 1.5425846568
9 4.18998304957
5 1.5425846568
8 3.42967508012
7 2.73317014399
5 1.5425846568
8 3.42967508012
9 4.18998304957
5 1.5425846568
6 2.10308645184
7 2.73317014399
6 2.10308645184
13 7.82895323568
32 36.2038671968
7 2.73317014399
9 4.18998304957
5 1.5425846568
7 2.73317014399
8 3.42967508012
6 2.10308645184
6 2.10308645184
21 17.6918317699
13 7.82895323568
5 1.5425846568
5 1.5425846568
5 1.5425846568
8 3.42967508012
20 16.2836212615
9 4.18998304957
5 1.5425846568
5 1.5425846568
5 1.5425846568
5 1.5425846568
5 1.5425846568
5 1.5425846568
5 1.5425846568
19 14.9238584649
6 2.10308645184
7 2.73317014399
23 20.6508209504
135 418.376619457
6 2.10308645184
5 1.5425846568
19 14.9238584649
8 3.42967508012
8 3.42967508012
13 7.82895323568
31 34.3016395949
5 1.5425846568
5 1.5425846568
8 3.42967508012
7 2.73317014399
6 2.10308645184
8 3.42967508012
7 2.73317014399
6 2.10308645184
16 11.1430472102
6 2.10308645184
10 5.01187233627
6 2.10308645184
29 30.6250351918
5 1.5425846568
5 1.5425846568
5 1.5425846568
15 9.98516257721
5 1.5425846568
12 6.83294804102
13 7.82895323568
7 2.73317014399
17 12.3527361841
5 1.5425846568
7 2.73317014399
7 2.73317014399
8 3.42967508012
12 6.83294804102
7 2.73317014399
10 5.01187233627
6 2.10308645184
7 2.73317014399
5 1.5425846568
6 2.10308645184
6 2.10308645184
5 1.5425846568
6 2.10308645184
5 1.5425846568
5 1.5425846568
6 2.10308645184
6 2.10308645184
10 5.01187233627
17 12.3527361841
5 1.5425846568
7 2.73317014399
10 5.01187233627
25 23.7956742339
16 11.1430472102
5 1.5425846568
7 2.73317014399
5 1.5425846568
12 6.83294804102
12 6.83294804102
6 2.10308645184
6 2.10308645184
6 2.10308645184
5 1.5425846568
7 2.73317014399
10 5.01187233627
5 1.5425846568
28 28.8515170118
5 1.5425846568
5 1.5425846568
13 7.82895323568
8 3.42967508012
5 1.5425846568
6 2.10308645184
5 1.5425846568
6 2.10308645184
6 2.10308645184
30 32.4418889254
6 2.10308645184
5 1.5425846568
5 1.5425846568
6 2.10308645184
18 13.6132950908
8 3.42967508012
5 1.5425846568
5 1.5425846568
10 5.01187233627
17 12.3527361841
33 38.1481689877
12 6.83294804102
6 2.10308645184
7 2.73317014399
6 2.10308645184
8 3.42967508012
5 1.5425846568
5 1.5425846568
24 22.200313682
7 2.73317014399
5 1.5425846568
7 2.73317014399
5 1.5425846568
9 4.18998304957
6 2.10308645184
6 2.10308645184
7 2.73317014399
6 2.10308645184
6 2.10308645184
27 27.121793129
6 2.10308645184
19 14.9238584649
27 27.121793129
7 2.73317014399
5 1.5425846568
5 1.5425846568
13 7.82895323568
5 1.5425846568
6 2.10308645184
5 1.5425846568
15 9.98516257721
9 4.18998304957
9 4.18998304957
5 1.5425846568
31 34.3016395949
30 32.4418889254
5 1.5425846568
34 40.1341582683
8 3.42967508012
18 13.6132950908
5 1.5425846568
5 1.5425846568
10 5.01187233627
10 5.01187233627
5 1.5425846568
6 2.10308645184
71 140.326338307
8 3.42967508012
5 1.5425846568
6 2.10308645184
5 1.5425846568
8 3.42967508012
9 4.18998304957
8 3.42967508012
5 1.5425846568
5 1.5425846568
5 1.5425846568
5 1.5425846568
6 2.10308645184
8 3.42967508012
12 6.83294804102
6 2.10308645184
9 4.18998304957
5 1.5425846568
6 2.10308645184
13 7.82895323568
5 1.5425846568
8 3.42967508012
6 2.10308645184
7 2.73317014399
14 8.88009599641
5 1.5425846568
9 4.18998304957
8 3.42967508012
10 5.01187233627
8 3.42967508012
5 1.5425846568
33 38.1481689877
9 4.18998304957
5 1.5425846568
6 2.10308645184
19 14.9238584649
7 2.73317014399
5 1.5425846568
5 1.5425846568
5 1.5425846568
7 2.73317014399
6 2.10308645184
5 1.5425846568
5 1.5425846568
5 1.5425846568
37 46.3386023834
16 11.1430472102
10 5.01187233627
7 2.73317014399
5 1.5425846568
6 2.10308645184
21 17.6918317699
5 1.5425846568
5 1.5425846568
7 2.73317014399
7 2.73317014399
26 25.4363441066
5 1.5425846568
5 1.5425846568
9 4.18998304957
5 1.5425846568
5 1.5425846568
8 3.42967508012
10 5.01187233627
93 222.03478202
5 1.5425846568
7 2.73317014399
8 3.42967508012
8 3.42967508012
8 3.42967508012
16 11.1430472102
8 3.42967508012
15 9.98516257721
17 12.3527361841
5 1.5425846568
7 2.73317014399
8 3.42967508012
29 30.6250351918
6 2.10308645184
9 4.18998304957
5 1.5425846568
6 2.10308645184
8 3.42967508012
10 5.01187233627
5 1.5425846568
22 19.147785662
10 5.01187233627
8 3.42967508012
5 1.5425846568
10 5.01187233627
5 1.5425846568
7 2.73317014399
9 4.18998304957
5 1.5425846568
6 2.10308645184
11 5.89342233643
6 2.10308645184
8 3.42967508012
5 1.5425846568
5 1.5425846568
11 5.89342233643
5 1.5425846568
6 2.10308645184
5 1.5425846568
5 1.5425846568
9 4.18998304957
6 2.10308645184
9 4.18998304957
5 1.5425846568
7 2.73317014399
9 4.18998304957
45 64.6340356452
21 17.6918317699
9 4.18998304957
12 6.83294804102
5 1.5425846568
6 2.10308645184
14 8.88009599641
6 2.10308645184
5 1.5425846568
110 295.370803739
10 5.01187233627
5 1.5425846568
6 2.10308645184
8 3.42967508012
5 1.5425846568
246 1160.35180477
6 2.10308645184
9 4.18998304957
5 1.5425846568
10 5.01187233627
8 3.42967508012
5 1.5425846568
5 1.5425846568
6 2.10308645184
5 1.5425846568
8 3.42967508012
8 3.42967508012
6 2.10308645184
16 11.1430472102
6 2.10308645184
7 2.73317014399
6 2.10308645184
5 1.5425846568
9 4.18998304957
6 2.10308645184
7 2.73317014399
7 2.73317014399
5 1.5425846568
5 1.5425846568
12 6.83294804102
7 2.73317014399
6 2.10308645184
5 1.5425846568
5 1.5425846568
5 1.5425846568
5 1.5425846568
5 1.5425846568
11 5.89342233643
12 6.83294804102
5 1.5425846568
5 1.5425846568
6 2.10308645184
5 1.5425846568
6 2.10308645184
8 3.42967508012
7 2.73317014399
8 3.42967508012
8 3.42967508012
5 1.5425846568
6 2.10308645184
16 11.1430472102
10 5.01187233627
6 2.10308645184
5 1.5425846568
7 2.73317014399
5 1.5425846568
16 11.1430472102
5 1.5425846568
16 11.1430472102
11 5.89342233643
7 2.73317014399
6 2.10308645184
18 13.6132950908
13 7.82895323568
7 2.73317014399
16 11.1430472102
120 342.45863262
5 1.5425846568
6 2.10308645184
6 2.10308645184
6 2.10308645184
5 1.5425846568
7 2.73317014399
9 4.18998304957
11 5.89342233643
5 1.5425846568
5 1.5425846568
7 2.73317014399
6 2.10308645184
17 12.3527361841
7 2.73317014399
27 27.121793129
7 2.73317014399
6 2.10308645184
6 2.10308645184
20 16.2836212615
8 3.42967508012
5 1.5425846568
27 27.121793129
6 2.10308645184
57 96.6022528451
6 2.10308645184
6 2.10308645184
15 9.98516257721
6 2.10308645184
7 2.73317014399
5 1.5425846568
12 6.83294804102
5 1.5425846568
6 2.10308645184
7 2.73317014399
6 2.10308645184
5 1.5425846568
5 1.5425846568
6 2.10308645184
5 1.5425846568
5 1.5425846568
9 4.18998304957
5 1.5425846568
6 2.10308645184
7 2.73317014399
5 1.5425846568
6 2.10308645184
8 3.42967508012
7 2.73317014399
12 6.83294804102
6 2.10308645184
5 1.5425846568
8 3.42967508012
5 1.5425846568
5 1.5425846568
5 1.5425846568
6 2.10308645184
6 2.10308645184
6 2.10308645184
5 1.5425846568
22 19.147785662
8 3.42967508012
5 1.5425846568
5 1.5425846568
9 4.18998304957
6 2.10308645184
7 2.73317014399
9 4.18998304957
10 5.01187233627
9 4.18998304957
18 13.6132950908
7 2.73317014399
7 2.73317014399
5 1.5425846568
6 2.10308645184
7 2.73317014399
8 3.42967508012
5 1.5425846568
5 1.5425846568
5 1.5425846568
5 1.5425846568
5 1.5425846568
5 1.5425846568
5 1.5425846568
6 2.10308645184
5 1.5425846568
6 2.10308645184
7 2.73317014399
10 5.01187233627
53 85.3628641365
7 2.73317014399
12 6.83294804102
10 5.01187233627
26 25.4363441066
8 3.42967508012
9 4.18998304957
7 2.73317014399
9 4.18998304957
5 1.5425846568
8 3.42967508012
12 6.83294804102
5 1.5425846568
20 16.2836212615
12 6.83294804102
23 20.6508209504
10 5.01187233627
10 5.01187233627
5 1.5425846568
21 17.6918317699
121 347.324268356
13 7.82895323568
7 2.73317014399
22 19.147785662
6 2.10308645184
5 1.5425846568
6 2.10308645184
5 1.5425846568
6 2.10308645184
5 1.5425846568
5 1.5425846568
7 2.73317014399
11 5.89342233643
28 28.8515170118
12 6.83294804102
5 1.5425846568
5 1.5425846568
9 4.18998304957
6 2.10308645184
7 2.73317014399
10 5.01187233627
9 4.18998304957
22 19.147785662
17 12.3527361841
36 44.2297262393
5 1.5425846568
9 4.18998304957
5 1.5425846568
6 2.10308645184
15 9.98516257721
5 1.5425846568
7 2.73317014399
5 1.5425846568
40 52.905641564
9 4.18998304957
7 2.73317014399
7 2.73317014399
5 1.5425846568
6 2.10308645184
6 2.10308645184
5 1.5425846568
5 1.5425846568
5 1.5425846568
18 13.6132950908
10 5.01187233627
6 2.10308645184
5 1.5425846568
5 1.5425846568
49 74.7021903598
6 2.10308645184
6 2.10308645184
12 6.83294804102
11 5.89342233643
6 2.10308645184
7 2.73317014399
8 3.42967508012
5 1.5425846568
5 1.5425846568
6 2.10308645184
5 1.5425846568
6 2.10308645184
19 14.9238584649
6 2.10308645184
5 1.5425846568
11 5.89342233643
6 2.10308645184
9 4.18998304957
6 2.10308645184
6 2.10308645184
5 1.5425846568
15 9.98516257721
6 2.10308645184
5 1.5425846568
10 5.01187233627
5 1.5425846568
5 1.5425846568
5 1.5425846568
13 7.82895323568
5 1.5425846568
22 19.147785662
5 1.5425846568
5 1.5425846568
8 3.42967508012
5 1.5425846568
6 2.10308645184
5 1.5425846568
16 11.1430472102
5 1.5425846568
28 28.8515170118
23 20.6508209504
12 6.83294804102
12 6.83294804102
9 4.18998304957
6 2.10308645184
7 2.73317014399
8 3.42967508012
11 5.89342233643
13 7.82895323568
5 1.5425846568
48 72.1290319522
6 2.10308645184
5 1.5425846568
7 2.73317014399
6 2.10308645184
5 1.5425846568
10 5.01187233627
8 3.42967508012
5 1.5425846568
25 23.7956742339
7 2.73317014399
5 1.5425846568
8 3.42967508012
5 1.5425846568
5 1.5425846568
13 7.82895323568
5 1.5425846568
5 1.5425846568
8 3.42967508012
9 4.18998304957
6 2.10308645184
6 2.10308645184
6 2.10308645184
5 1.5425846568
6 2.10308645184
8 3.42967508012
8 3.42967508012
6 2.10308645184
22 19.147785662
10 5.01187233627
8 3.42967508012
6 2.10308645184
10 5.01187233627
6 2.10308645184
5 1.5425846568
8 3.42967508012
10 5.01187233627
5 1.5425846568
5 1.5425846568
6 2.10308645184
11 5.89342233643
5 1.5425846568
16 11.1430472102
8 3.42967508012
5 1.5425846568
5 1.5425846568
6 2.10308645184
5 1.5425846568
5 1.5425846568
5 1.5425846568
16 11.1430472102
6 2.10308645184
7 2.73317014399
5 1.5425846568
6 2.10308645184
5 1.5425846568
5 1.5425846568
9 4.18998304957
12 6.83294804102
6 2.10308645184
5 1.5425846568
6 2.10308645184
10 5.01187233627
6 2.10308645184
5 1.5425846568
5 1.5425846568
5 1.5425846568
5 1.5425846568
5 1.5425846568
9 4.18998304957
5 1.5425846568
5 1.5425846568
5 1.5425846568
6 2.10308645184
5 1.5425846568
5 1.5425846568
13 7.82895323568
9 4.18998304957
8 3.42967508012
6 2.10308645184
5 1.5425846568
7 2.73317014399
7 2.73317014399
10 5.01187233627
6 2.10308645184
9 4.18998304957
11 5.89342233643
5 1.5425846568
5 1.5425846568
7 2.73317014399
8 3.42967508012
9 4.18998304957
5 1.5425846568
5 1.5425846568
5 1.5425846568
6 2.10308645184
6 2.10308645184
7 2.73317014399
7 2.73317014399
15 9.98516257721
5 1.5425846568
5 1.5425846568
55 90.9110287222
5 1.5425846568
6 2.10308645184
12 6.83294804102
16 11.1430472102
6 2.10308645184
5 1.5425846568
10 5.01187233627
8 3.42967508012
17 12.3527361841
51 79.9593581641
5 1.5425846568
7 2.73317014399
5 1.5425846568
5 1.5425846568
7 2.73317014399
5 1.5425846568
8 3.42967508012
9 4.18998304957
6 2.10308645184
8 3.42967508012
5 1.5425846568
6 2.10308645184
5 1.5425846568
7 2.73317014399
5 1.5425846568
13 7.82895323568
6 2.10308645184
5 1.5425846568
5 1.5425846568
19 14.9238584649
27 27.121793129
5 1.5425846568
5 1.5425846568
5 1.5425846568
8 3.42967508012
7 2.73317014399
6 2.10308645184
9 4.18998304957
6 2.10308645184
23 20.6508209504
6 2.10308645184
5 1.5425846568
7 2.73317014399
5 1.5425846568
5 1.5425846568
6 2.10308645184
6 2.10308645184
5 1.5425846568
13 7.82895323568
5 1.5425846568
11 5.89342233643
7 2.73317014399
6 2.10308645184
7 2.73317014399
14 8.88009599641
16 11.1430472102
44 62.2113391556
6 2.10308645184
5 1.5425846568
5 1.5425846568
5 1.5425846568
6 2.10308645184
8 3.42967508012
18 13.6132950908
5 1.5425846568
5 1.5425846568
5 1.5425846568
9 4.18998304957
12 6.83294804102
6 2.10308645184
9 4.18998304957
6 2.10308645184
54 88.1189658501
21 17.6918317699
8 3.42967508012
7 2.73317014399
7 2.73317014399
10 5.01187233627
7 2.73317014399
6 2.10308645184
12 6.83294804102
5 1.5425846568
7 2.73317014399
9 4.18998304957
13 7.82895323568
6 2.10308645184
7 2.73317014399
17 12.3527361841
23 20.6508209504
5 1.5425846568
5 1.5425846568
6 2.10308645184
54 88.1189658501
6 2.10308645184
20 16.2836212615
10 5.01187233627
5 1.5425846568
5 1.5425846568
8 3.42967508012
5 1.5425846568
6 2.10308645184
9 4.18998304957
7 2.73317014399
7 2.73317014399
11 5.89342233643
5 1.5425846568
6 2.10308645184
7 2.73317014399
6 2.10308645184
5 1.5425846568
8 3.42967508012
9 4.18998304957
21 17.6918317699
12 6.83294804102
6 2.10308645184
5 1.5425846568
7 2.73317014399
5 1.5425846568
7 2.73317014399
6 2.10308645184
6 2.10308645184
8 3.42967508012
6 2.10308645184
13 7.82895323568
6 2.10308645184
5 1.5425846568
5 1.5425846568
16 11.1430472102
8 3.42967508012
5 1.5425846568
5 1.5425846568
9 4.18998304957
6 2.10308645184
16 11.1430472102
16 11.1430472102
10 5.01187233627
5 1.5425846568
5 1.5425846568
12 6.83294804102
7 2.73317014399
5 1.5425846568
9 4.18998304957
5 1.5425846568
6 2.10308645184
26 25.4363441066
7 2.73317014399
7 2.73317014399
7 2.73317014399
5 1.5425846568
5 1.5425846568
8 3.42967508012
5 1.5425846568
10 5.01187233627
8 3.42967508012
7 2.73317014399
6 2.10308645184
7 2.73317014399
5 1.5425846568
10 5.01187233627
5 1.5425846568
5 1.5425846568
6 2.10308645184
8 3.42967508012
9 4.18998304957
42 57.480931004
13 7.82895323568
8 3.42967508012
6 2.10308645184
5 1.5425846568
14 8.88009599641
6 2.10308645184
5 1.5425846568
9 4.18998304957
5 1.5425846568
5 1.5425846568
7 2.73317014399
9 4.18998304957
7 2.73317014399
9 4.18998304957
8 3.42967508012
5 1.5425846568
5 1.5425846568
5 1.5425846568
16 11.1430472102
10 5.01187233627
17 12.3527361841
11 5.89342233643
15 9.98516257721
7 2.73317014399
5 1.5425846568
5 1.5425846568
5 1.5425846568
10 5.01187233627
6 2.10308645184
5 1.5425846568
5 1.5425846568
5 1.5425846568
5 1.5425846568
6 2.10308645184
5 1.5425846568
9 4.18998304957
8 3.42967508012
12 6.83294804102
9 4.18998304957
6 2.10308645184
11 5.89342233643
8 3.42967508012
6 2.10308645184
10 5.01187233627
9 4.18998304957
6 2.10308645184
6 2.10308645184
7 2.73317014399
7 2.73317014399
6 2.10308645184
8 3.42967508012
7 2.73317014399
5 1.5425846568
10 5.01187233627
10 5.01187233627
9 4.18998304957
9 4.18998304957
10 5.01187233627
8 3.42967508012
14 8.88009599641
5 1.5425846568
5 1.5425846568
17 12.3527361841
47 69.5931282143
5 1.5425846568
65 120.768231402
8 3.42967508012
6 2.10308645184
6 2.10308645184
6 2.10308645184
12 6.83294804102
9 4.18998304957
10 5.01187233627
5 1.5425846568
7 2.73317014399
7 2.73317014399
5 1.5425846568
5 1.5425846568
19 14.9238584649
5 1.5425846568
10 5.01187233627
6 2.10308645184
8 3.42967508012
7 2.73317014399
10 5.01187233627
5 1.5425846568
7 2.73317014399
9 4.18998304957
9 4.18998304957
12 6.83294804102
6 2.10308645184
9 4.18998304957
15 9.98516257721
10 5.01187233627
29 30.6250351918
38 48.4877592039
6 2.10308645184
11 5.89342233643
9 4.18998304957
13 7.82895323568
11 5.89342233643
9 4.18998304957
5 1.5425846568
5 1.5425846568
5 1.5425846568
18 13.6132950908
5 1.5425846568
6 2.10308645184
13 7.82895323568
11 5.89342233643
6 2.10308645184
5 1.5425846568
6 2.10308645184
6 2.10308645184
5 1.5425846568
7 2.73317014399
6 2.10308645184
10 5.01187233627
5 1.5425846568
11 5.89342233643
5 1.5425846568
6 2.10308645184
6 2.10308645184
7 2.73317014399
8 3.42967508012
7 2.73317014399
6 2.10308645184
7 2.73317014399
6 2.10308645184
5 1.5425846568
5 1.5425846568
5 1.5425846568
6 2.10308645184
5 1.5425846568
7 2.73317014399
6 2.10308645184
11 5.89342233643
13 7.82895323568
5 1.5425846568
5 1.5425846568
10 5.01187233627
13 7.82895323568
10 5.01187233627
8 3.42967508012
17 12.3527361841
10 5.01187233627
7 2.73317014399
6 2.10308645184
5 1.5425846568
5 1.5425846568
7 2.73317014399
5 1.5425846568
12 6.83294804102
16 11.1430472102
12 6.83294804102
9 4.18998304957
7 2.73317014399
13 7.82895323568
5 1.5425846568
5 1.5425846568
6 2.10308645184
5 1.5425846568
7 2.73317014399
6 2.10308645184
12 6.83294804102
5 1.5425846568
7 2.73317014399
13 7.82895323568
9 4.18998304957
6 2.10308645184
6 2.10308645184
6 2.10308645184
5 1.5425846568
5 1.5425846568
11 5.89342233643
5 1.5425846568
5 1.5425846568
20 16.2836212615
6 2.10308645184
5 1.5425846568
7 2.73317014399
23 20.6508209504
7 2.73317014399
13 7.82895323568
5 1.5425846568
9 4.18998304957
38 48.4877592039
5 1.5425846568
6 2.10308645184
18 13.6132950908
5 1.5425846568
7 2.73317014399
5 1.5425846568
5 1.5425846568
15 9.98516257721
5 1.5425846568
5 1.5425846568
10 5.01187233627
5 1.5425846568
10 5.01187233627
6 2.10308645184
28 28.8515170118
10 5.01187233627
7 2.73317014399
5 1.5425846568
5 1.5425846568
6 2.10308645184
6 2.10308645184
7 2.73317014399
8 3.42967508012
5 1.5425846568
12 6.83294804102
5 1.5425846568
6 2.10308645184
12 6.83294804102
131 397.522030996
5 1.5425846568
6 2.10308645184
7 2.73317014399
9 4.18998304957
31 34.3016395949
13 7.82895323568
37 46.3386023834
20 16.2836212615
5 1.5425846568
5 1.5425846568
6 2.10308645184
7 2.73317014399
