2 0.282842712475
2 0.282842712475
5 1.11803398875
79 70.2167358968
2 0.282842712475
2 0.282842712475
3 0.519615242271
4 0.8
5 1.11803398875
2 0.282842712475
17 7.00927956355
3 0.519615242271
2 0.282842712475
3 0.519615242271
3 0.519615242271
1 0.1
2 0.282842712475
11 3.64828726939
3 0.519615242271
2 0.282842712475
2 0.282842712475
5 1.11803398875
8 2.2627416998
1 0.1
4 0.8
1 0.1
9 2.7
1 0.1
10 3.16227766017
2 0.282842712475
8 2.2627416998
3 0.519615242271
1 0.1
16 6.4
1 0.1
3 0.519615242271
1 0.1
2 0.282842712475
5 1.11803398875
2 0.282842712475
2 0.282842712475
8 2.2627416998
2 0.282842712475
1 0.1
2 0.282842712475
4 0.8
2 0.282842712475
7 1.85202591775
2 0.282842712475
53 38.5845824132
23 11.0304125036
3 0.519615242271
2 0.282842712475
4 0.8
2 0.282842712475
1 0.1
3 0.519615242271
2 0.282842712475
3 0.519615242271
3 0.519615242271
2 0.282842712475
6 1.46969384567
2 0.282842712475
23 11.0304125036
1 0.1
2 0.282842712475
1 0.1
2 0.282842712475
1 0.1
4 0.8
2 0.282842712475
2 0.282842712475
6 1.46969384567
1 0.1
7 1.85202591775
128 144.815468787
12 4.15692193817
17 7.00927956355
3 0.519615242271
29 15.6169779407
25 12.5
7 1.85202591775
43 28.1969856545
11 3.64828726939
5 1.11803398875
1 0.1
6 1.46969384567
4 0.8
2 0.282842712475
7 1.85202591775
2 0.282842712475
4 0.8
1 0.1
1 0.1
4 0.8
4 0.8
2 0.282842712475
3 0.519615242271
14 5.23832034148
8 2.2627416998
1 0.1
13 4.6872166581
2 0.282842712475
1 0.1
1 0.1
15 5.80947501931
16 6.4
3 0.519615242271
2 0.282842712475
1 0.1
2 0.282842712475
74 63.6572069761
3 0.519615242271
8 2.2627416998
1 0.1
2 0.282842712475
1 0.1
6 1.46969384567
2 0.282842712475
3 0.519615242271
3 0.519615242271
4 0.8
3 0.519615242271
2 0.282842712475
2 0.282842712475
1 0.1
2 0.282842712475
10 3.16227766017
2 0.282842712475
2 0.282842712475
2 0.282842712475
10 3.16227766017
1 0.1
1 0.1
3 0.519615242271
2 0.282842712475
8 2.2627416998
1 0.1
2 0.282842712475
3 0.519615242271
2 0.282842712475
8 2.2627416998
1 0.1
46 31.1987179224
2 0.282842712475
4 0.8
4 0.8
3 0.519615242271
5 1.11803398875
2 0.282842712475
6 1.46969384567
2 0.282842712475
1 0.1
7 1.85202591775
2 0.282842712475
2 0.282842712475
20 8.94427191
1 0.1
3 0.519615242271
7 1.85202591775
3 0.519615242271
6 1.46969384567
1 0.1
11 3.64828726939
7 1.85202591775
11 3.64828726939
7 1.85202591775
2 0.282842712475
37 22.5062213621
2 0.282842712475
1 0.1
3 0.519615242271
2 0.282842712475
1 0.1
2 0.282842712475
9 2.7
6 1.46969384567
15 5.80947501931
4 0.8
21 9.62340895941
5 1.11803398875
3 0.519615242271
130 148.222805263
12 4.15692193817
1 0.1
2 0.282842712475
6 1.46969384567
2 0.282842712475
4 0.8
1 0.1
2 0.282842712475
32 18.1019335984
10 3.16227766017
1 0.1
3 0.519615242271
11 3.64828726939
12 4.15692193817
7 1.85202591775
1 0.1
42 27.2191109333
4 0.8
2 0.282842712475
3 0.519615242271
12 4.15692193817
4 0.8
24 11.7575507654
1 0.1
4 0.8
98 97.0150503788
3 0.519615242271
5 1.11803398875
2 0.282842712475
15 5.80947501931
1 0.1
2 0.282842712475
2 0.282842712475
8 2.2627416998
2 0.282842712475
6 1.46969384567
8 2.2627416998
2 0.282842712475
7 1.85202591775
3 0.519615242271
2 0.282842712475
2 0.282842712475
2 0.282842712475
2 0.282842712475
2 0.282842712475
3 0.519615242271
3 0.519615242271
4 0.8
17 7.00927956355
3 0.519615242271
5 1.11803398875
1 0.1
19 8.28190799273
1 0.1
1 0.1
2 0.282842712475
2 0.282842712475
2 0.282842712475
3 0.519615242271
3 0.519615242271
4 0.8
2 0.282842712475
2 0.282842712475
8 2.2627416998
5 1.11803398875
1 0.1
2 0.282842712475
3 0.519615242271
15 5.80947501931
5 1.11803398875
27 14.0296115413
14 5.23832034148
2 0.282842712475
4 0.8
3 0.519615242271
3 0.519615242271
3 0.519615242271
3 0.519615242271
3 0.519615242271
8 2.2627416998
5 1.11803398875
2 0.282842712475
4 0.8
36 21.6
2 0.282842712475
13 4.6872166581
12 4.15692193817
38 23.4247732113
4 0.8
2 0.282842712475
15 5.80947501931
2 0.282842712475
6 1.46969384567
2 0.282842712475
2 0.282842712475
7 1.85202591775
11 3.64828726939
2 0.282842712475
1 0.1
8 2.2627416998
2 0.282842712475
1 0.1
2 0.282842712475
13 4.6872166581
3 0.519615242271
5 1.11803398875
15 5.80947501931
1 0.1
2 0.282842712475
3 0.519615242271
2 0.282842712475
2 0.282842712475
2 0.282842712475
1 0.1
2 0.282842712475
47 32.2215766219
16 6.4
2 0.282842712475
3 0.519615242271
1 0.1
16 6.4
1 0.1
18 7.63675323681
6 1.46969384567
12 4.15692193817
2 0.282842712475
10 3.16227766017
2 0.282842712475
2 0.282842712475
6 1.46969384567
2 0.282842712475
1 0.1
3 0.519615242271
4 0.8
1 0.1
4 0.8
4 0.8
2 0.282842712475
3 0.519615242271
3 0.519615242271
4 0.8
2 0.282842712475
2 0.282842712475
8 2.2627416998
1 0.1
3 0.519615242271
1 0.1
2 0.282842712475
4 0.8
1 0.1
20 8.94427191
11 3.64828726939
1 0.1
1 0.1
2 0.282842712475
4 0.8
146 176.412471214
17 7.00927956355
5 1.11803398875
1 0.1
2 0.282842712475
4 0.8
3 0.519615242271
21 9.62340895941
17 7.00927956355
7 1.85202591775
4 0.8
2 0.282842712475
2 0.282842712475
2 0.282842712475
3 0.519615242271
4 0.8
4 0.8
5 1.11803398875
88 82.5513173729
7 1.85202591775
5 1.11803398875
1 0.1
2 0.282842712475
35 20.7062792408
2 0.282842712475
519 1182.36356084
2 0.282842712475
1 0.1
16 6.4
7 1.85202591775
1 0.1
2 0.282842712475
3 0.519615242271
2 0.282842712475
2 0.282842712475
2 0.282842712475
2 0.282842712475
3 0.519615242271
3 0.519615242271
1 0.1
4 0.8
2 0.282842712475
2 0.282842712475
2 0.282842712475
3 0.519615242271
2 0.282842712475
8 2.2627416998
2 0.282842712475
6 1.46969384567
1 0.1
20 8.94427191
2 0.282842712475
3 0.519615242271
5 1.11803398875
3 0.519615242271
7 1.85202591775
7 1.85202591775
5 1.11803398875
2 0.282842712475
13 4.6872166581
3 0.519615242271
2 0.282842712475
1 0.1
4 0.8
3 0.519615242271
1 0.1
2 0.282842712475
1 0.1
2 0.282842712475
1 0.1
4 0.8
2 0.282842712475
10 3.16227766017
4 0.8
3 0.519615242271
2 0.282842712475
11 3.64828726939
1 0.1
1 0.1
2 0.282842712475
9 2.7
5 1.11803398875
3 0.519615242271
2 0.282842712475
28 14.816207342
23 11.0304125036
7 1.85202591775
2 0.282842712475
9 2.7
2 0.282842712475
1 0.1
2 0.282842712475
2 0.282842712475
2 0.282842712475
6 1.46969384567
22 10.3189146716
3 0.519615242271
6 1.46969384567
2 0.282842712475
3 0.519615242271
1 0.1
1 0.1
2 0.282842712475
2 0.282842712475
2 0.282842712475
1 0.1
2 0.282842712475
2 0.282842712475
2 0.282842712475
1 0.1
134 155.116214497
2 0.282842712475
2 0.282842712475
2 0.282842712475
5 1.11803398875
3 0.519615242271
2 0.282842712475
3 0.519615242271
1 0.1
2 0.282842712475
2 0.282842712475
2 0.282842712475
5 1.11803398875
3 0.519615242271
2 0.282842712475
2 0.282842712475
1 0.1
6 1.46969384567
1 0.1
1 0.1
3 0.519615242271
1 0.1
2 0.282842712475
2 0.282842712475
1 0.1
1 0.1
8 2.2627416998
1 0.1
19 8.28190799273
1 0.1
2 0.282842712475
3 0.519615242271
3 0.519615242271
2 0.282842712475
3 0.519615242271
19 8.28190799273
1 0.1
4 0.8
2 0.282842712475
2 0.282842712475
2 0.282842712475
7 1.85202591775
17 7.00927956355
2 0.282842712475
4 0.8
4 0.8
6 1.46969384567
1 0.1
3 0.519615242271
2 0.282842712475
1 0.1
6 1.46969384567
8 2.2627416998
8 2.2627416998
8 2.2627416998
4 0.8
7 1.85202591775
5 1.11803398875
1 0.1
2 0.282842712475
7 1.85202591775
15 5.80947501931
3 0.519615242271
5 1.11803398875
1 0.1
3 0.519615242271
10 3.16227766017
2 0.282842712475
2 0.282842712475
2 0.282842712475
1 0.1
2 0.282842712475
6 1.46969384567
1 0.1
2 0.282842712475
2 0.282842712475
1 0.1
5 1.11803398875
6 1.46969384567
4 0.8
3 0.519615242271
1 0.1
1 0.1
3 0.519615242271
2 0.282842712475
1 0.1
2 0.282842712475
2 0.282842712475
1 0.1
1 0.1
1 0.1
7 1.85202591775
6 1.46969384567
2 0.282842712475
1 0.1
2 0.282842712475
6 1.46969384567
2 0.282842712475
1 0.1
2 0.282842712475
4 0.8
2 0.282842712475
4 0.8
7 1.85202591775
27 14.0296115413
2 0.282842712475
2 0.282842712475
3 0.519615242271
23 11.0304125036
6 1.46969384567
4 0.8
7 1.85202591775
1 0.1
19 8.28190799273
251 397.658785896
2 0.282842712475
13 4.6872166581
2 0.282842712475
4 0.8
2 0.282842712475
374 723.281577257
3 0.519615242271
6 1.46969384567
2 0.282842712475
17 7.00927956355
2 0.282842712475
3 0.519615242271
9 2.7
11 3.64828726939
5 1.11803398875
2 0.282842712475
1 0.1
1 0.1
2 0.282842712475
6 1.46969384567
9 2.7
1 0.1
2 0.282842712475
1 0.1
2 0.282842712475
3 0.519615242271
58 44.171484014
3 0.519615242271
1 0.1
3 0.519615242271
6 1.46969384567
4 0.8
6 1.46969384567
1 0.1
3 0.519615242271
2 0.282842712475
29 15.6169779407
1 0.1
2 0.282842712475
4 0.8
8 2.2627416998
1 0.1
3 0.519615242271
3 0.519615242271
12 4.15692193817
4 0.8
2 0.282842712475
5 1.11803398875
2 0.282842712475
2 0.282842712475
8 2.2627416998
5 1.11803398875
3 0.519615242271
27 14.0296115413
1 0.1
2 0.282842712475
2 0.282842712475
35 20.7062792408
3 0.519615242271
3 0.519615242271
1 0.1
1 0.1
2 0.282842712475
11 3.64828726939
2 0.282842712475
1 0.1
5 1.11803398875
2 0.282842712475
8 2.2627416998
2 0.282842712475
2 0.282842712475
5 1.11803398875
1 0.1
2 0.282842712475
15 5.80947501931
2 0.282842712475
7 1.85202591775
2 0.282842712475
10 3.16227766017
3 0.519615242271
3 0.519615242271
1 0.1
1 0.1
2 0.282842712475
1 0.1
2 0.282842712475
2 0.282842712475
20 8.94427191
3 0.519615242271
4 0.8
8 2.2627416998
1 0.1
2 0.282842712475
2 0.282842712475
1 0.1
2 0.282842712475
7 1.85202591775
1 0.1
1 0.1
1 0.1
2 0.282842712475
3 0.519615242271
2 0.282842712475
26 13.2574507353
2 0.282842712475
2 0.282842712475
5 1.11803398875
2 0.282842712475
6 1.46969384567
1 0.1
1 0.1
4 0.8
4 0.8
2 0.282842712475
2 0.282842712475
1 0.1
3 0.519615242271
9 2.7
2 0.282842712475
1 0.1
1 0.1
2 0.282842712475
10 3.16227766017
1 0.1
1 0.1
2 0.282842712475
5 1.11803398875
19 8.28190799273
1 0.1
2 0.282842712475
2 0.282842712475
1 0.1
2 0.282842712475
1 0.1
5 1.11803398875
25 12.5
2 0.282842712475
20 8.94427191
27 14.0296115413
2 0.282842712475
1 0.1
2 0.282842712475
1 0.1
1 0.1
1 0.1
2 0.282842712475
36 21.6
2 0.282842712475
1 0.1
122 134.75340441
1 0.1
4 0.8
17 7.00927956355
2 0.282842712475
2 0.282842712475
3 0.519615242271
3 0.519615242271
3 0.519615242271
195 272.302680853
3 0.519615242271
1 0.1
2 0.282842712475
2 0.282842712475
1 0.1
2 0.282842712475
11 3.64828726939
5 1.11803398875
6 1.46969384567
2 0.282842712475
7 1.85202591775
1 0.1
3 0.519615242271
3 0.519615242271
2 0.282842712475
3 0.519615242271
5 1.11803398875
13 4.6872166581
3 0.519615242271
2 0.282842712475
1 0.1
3 0.519615242271
6 1.46969384567
1 0.1
2 0.282842712475
2 0.282842712475
3 0.519615242271
1 0.1
1 0.1
2 0.282842712475
2 0.282842712475
1 0.1
3 0.519615242271
2 0.282842712475
1 0.1
4 0.8
4 0.8
1 0.1
5 1.11803398875
5 1.11803398875
1 0.1
2 0.282842712475
1 0.1
2 0.282842712475
3 0.519615242271
10 3.16227766017
1 0.1
1 0.1
3 0.519615242271
3 0.519615242271
3 0.519615242271
10 3.16227766017
2 0.282842712475
65 52.4046753639
2 0.282842712475
32 18.1019335984
1 0.1
2 0.282842712475
7 1.85202591775
14 5.23832034148
2 0.282842712475
1 0.1
10 3.16227766017
2 0.282842712475
4 0.8
2 0.282842712475
4 0.8
2 0.282842712475
5 1.11803398875
2 0.282842712475
5 1.11803398875
67 54.8418635715
2 0.282842712475
2 0.282842712475
10 3.16227766017
3 0.519615242271
1 0.1
1 0.1
3 0.519615242271
2 0.282842712475
8 2.2627416998
3 0.519615242271
2 0.282842712475
1 0.1
29 15.6169779407
2 0.282842712475
3 0.519615242271
5 1.11803398875
1 0.1
2 0.282842712475
2 0.282842712475
9 2.7
3 0.519615242271
1 0.1
6 1.46969384567
21 9.62340895941
2 0.282842712475
7 1.85202591775
1 0.1
1 0.1
4 0.8
2 0.282842712475
4 0.8
15 5.80947501931
3 0.519615242271
1 0.1
1 0.1
2 0.282842712475
2 0.282842712475
2 0.282842712475
14 5.23832034148
1 0.1
3 0.519615242271
1 0.1
3 0.519615242271
3 0.519615242271
2 0.282842712475
2 0.282842712475
3 0.519615242271
4 0.8
3 0.519615242271
3 0.519615242271
49 34.3
6 1.46969384567
2 0.282842712475
2 0.282842712475
2 0.282842712475
3 0.519615242271
1 0.1
2 0.282842712475
3 0.519615242271
1 0.1
2 0.282842712475
2 0.282842712475
1 0.1
4 0.8
5 1.11803398875
5 1.11803398875
7 1.85202591775
3 0.519615242271
8 2.2627416998
7 1.85202591775
2 0.282842712475
2 0.282842712475
1 0.1
14 5.23832034148
1 0.1
6 1.46969384567
5 1.11803398875
1 0.1
2 0.282842712475
1 0.1
10 3.16227766017
9 2.7
2 0.282842712475
4 0.8
1 0.1
8 2.2627416998
2 0.282842712475
12 4.15692193817
3 0.519615242271
1 0.1
8 2.2627416998
7 1.85202591775
4 0.8
2 0.282842712475
3 0.519615242271
15 5.80947501931
1 0.1
1 0.1
71 59.8256633896
2 0.282842712475
2 0.282842712475
17 7.00927956355
1 0.1
18 7.63675323681
4 0.8
16 6.4
3 0.519615242271
2 0.282842712475
4 0.8
2 0.282842712475
1 0.1
2 0.282842712475
2 0.282842712475
2 0.282842712475
1 0.1
1 0.1
1 0.1
3 0.519615242271
4 0.8
2 0.282842712475
10 3.16227766017
2 0.282842712475
4 0.8
3 0.519615242271
4 0.8
3 0.519615242271
2 0.282842712475
2 0.282842712475
5 1.11803398875
2 0.282842712475
2 0.282842712475
162 206.192337394
1 0.1
1 0.1
2 0.282842712475
1 0.1
4 0.8
1 0.1
1 0.1
8 2.2627416998
1 0.1
3 0.519615242271
14 5.23832034148
2 0.282842712475
6 1.46969384567
3 0.519615242271
15 5.80947501931
2 0.282842712475
8 2.2627416998
42 27.2191109333
6 1.46969384567
2 0.282842712475
3 0.519615242271
6 1.46969384567
5 1.11803398875
2 0.282842712475
1 0.1
10 3.16227766017
2 0.282842712475
6 1.46969384567
2 0.282842712475
2 0.282842712475
3 0.519615242271
4 0.8
8 2.2627416998
5 1.11803398875
5 1.11803398875
4 0.8
1 0.1
3 0.519615242271
2 0.282842712475
4 0.8
2 0.282842712475
5 1.11803398875
2 0.282842712475
2 0.282842712475
2 0.282842712475
2 0.282842712475
15 5.80947501931
1 0.1
1 0.1
3 0.519615242271
5 1.11803398875
11 3.64828726939
3 0.519615242271
6 1.46969384567
1 0.1
7 1.85202591775
2 0.282842712475
8 2.2627416998
2 0.282842712475
2 0.282842712475
4 0.8
6 1.46969384567
2 0.282842712475
2 0.282842712475
2 0.282842712475
2 0.282842712475
2 0.282842712475
2 0.282842712475
3 0.519615242271
7 1.85202591775
2 0.282842712475
1 0.1
1 0.1
4 0.8
1 0.1
18 7.63675323681
1 0.1
2 0.282842712475
3 0.519615242271
1 0.1
2 0.282842712475
2 0.282842712475
18 7.63675323681
4 0.8
2 0.282842712475
1 0.1
8 2.2627416998
5 1.11803398875
2 0.282842712475
1 0.1
58 44.171484014
2 0.282842712475
3 0.519615242271
3 0.519615242271
4 0.8
6 1.46969384567
1 0.1
4 0.8
1 0.1
2 0.282842712475
1 0.1
14 5.23832034148
4 0.8
5 1.11803398875
2 0.282842712475
1 0.1
2 0.282842712475
5 1.11803398875
1 0.1
1 0.1
19 8.28190799273
2 0.282842712475
100 100.0
1 0.1
2 0.282842712475
3 0.519615242271
2 0.282842712475
2 0.282842712475
2 0.282842712475
2 0.282842712475
2 0.282842712475
2 0.282842712475
6 1.46969384567
5 1.11803398875
3 0.519615242271
1 0.1
1 0.1
1 0.1
4 0.8
1 0.1
3 0.519615242271
3 0.519615242271
2 0.282842712475
2 0.282842712475
1 0.1
2 0.282842712475
2 0.282842712475
5 1.11803398875
3 0.519615242271
2 0.282842712475
20 8.94427191
2 0.282842712475
2 0.282842712475
2 0.282842712475
5 1.11803398875
4 0.8
33 18.9570567336
4 0.8
1 0.1
1 0.1
2 0.282842712475
3 0.519615242271
4 0.8
8 2.2627416998
2 0.282842712475
3 0.519615242271
3 0.519615242271
8 2.2627416998
2 0.282842712475
2 0.282842712475
2 0.282842712475
13 4.6872166581
2 0.282842712475
2 0.282842712475
2 0.282842712475
2 0.282842712475
11 3.64828726939
4 0.8
2 0.282842712475
2 0.282842712475
26 13.2574507353
8 2.2627416998
3 0.519615242271
17 7.00927956355
10 3.16227766017
1 0.1
5 1.11803398875
2 0.282842712475
5 1.11803398875
7 1.85202591775
2 0.282842712475
17 7.00927956355
2 0.282842712475
6 1.46969384567
10 3.16227766017
1 0.1
4 0.8
3 0.519615242271
2 0.282842712475
1 0.1
5 1.11803398875
2 0.282842712475
3 0.519615242271
194 270.210732577
3 0.519615242271
4 0.8
2 0.282842712475
1 0.1
1 0.1
1 0.1
3 0.519615242271
2 0.282842712475
1 0.1
3 0.519615242271
1 0.1
18 7.63675323681
2 0.282842712475
11 3.64828726939
1 0.1
11 3.64828726939
1 0.1
2 0.282842712475
6 1.46969384567
7 1.85202591775
2 0.282842712475
10 3.16227766017
2 0.282842712475
7 1.85202591775
55 40.789091679
5 1.11803398875
4 0.8
2 0.282842712475
5 1.11803398875
11 3.64828726939
2 0.282842712475
2 0.282842712475
3 0.519615242271
4 0.8
31 17.2600695248
4 0.8
2 0.282842712475
8 2.2627416998
2 0.282842712475
3 0.519615242271
3 0.519615242271
4 0.8
2 0.282842712475
2 0.282842712475
14 5.23832034148
4 0.8
11 3.64828726939
23 11.0304125036
3 0.519615242271
3 0.519615242271
2 0.282842712475
2 0.282842712475
2 0.282842712475
11 3.64828726939
2 0.282842712475
3 0.519615242271
2 0.282842712475
2 0.282842712475
5 1.11803398875
4 0.8
2 0.282842712475
20 8.94427191
3 0.519615242271
40 25.2982212813
5 1.11803398875
2 0.282842712475
1 0.1
1 0.1
1 0.1
54 39.6817338331
3 0.519615242271
2 0.282842712475
2 0.282842712475
2 0.282842712475
1 0.1
4 0.8
3 0.519615242271
1 0.1
12 4.15692193817
3 0.519615242271
2 0.282842712475
2 0.282842712475
5 1.11803398875
2 0.282842712475
2 0.282842712475
2 0.282842712475
3 0.519615242271
2 0.282842712475
3 0.519615242271
49 34.3
4 0.8
2 0.282842712475
2 0.282842712475
2 0.282842712475
1 0.1
1 0.1
3 0.519615242271
3 0.519615242271
26 13.2574507353
5 1.11803398875
1 0.1
5 1.11803398875
2 0.282842712475
11 3.64828726939
1 0.1
12 4.15692193817
1 0.1
3 0.519615242271
2 0.282842712475
21 9.62340895941
2 0.282842712475
12 4.15692193817
1 0.1
3 0.519615242271
2 0.282842712475
1 0.1
3 0.519615242271
13 4.6872166581
1 0.1
2 0.282842712475
2 0.282842712475
2 0.282842712475
5 1.11803398875
2 0.282842712475
4 0.8
2 0.282842712475
5 1.11803398875
2 0.282842712475
4 0.8
9 2.7
4 0.8
2 0.282842712475
2 0.282842712475
2 0.282842712475
1 0.1
2 0.282842712475
31 17.2600695248
4 0.8
6 1.46969384567
9 2.7
1 0.1
2 0.282842712475
1 0.1
2 0.282842712475
3 0.519615242271
1 0.1
1 0.1
1 0.1
3 0.519615242271
7 1.85202591775
5 1.11803398875
1 0.1
2 0.282842712475
2 0.282842712475
6 1.46969384567
2 0.282842712475
2 0.282842712475
3 0.519615242271
4 0.8
1 0.1
8 2.2627416998
2 0.282842712475
10 3.16227766017
3 0.519615242271
13 4.6872166581
9 2.7
1 0.1
3 0.519615242271
111 116.945756657
2 0.282842712475
1 0.1
1 0.1
2 0.282842712475
2 0.282842712475
6 1.46969384567
2 0.282842712475
2 0.282842712475
1 0.1
2 0.282842712475
8 2.2627416998
6 1.46969384567
4 0.8
2 0.282842712475
15 5.80947501931
1 0.1
2 0.282842712475
3 0.519615242271
2 0.282842712475
9 2.7
2 0.282842712475
1 0.1
4 0.8
3 0.519615242271
2 0.282842712475
1 0.1
12 4.15692193817
2 0.282842712475
1 0.1
2 0.282842712475
2 0.282842712475
5 1.11803398875
1 0.1
3 0.519615242271
8 2.2627416998
4 0.8
6 1.46969384567
3 0.519615242271
2 0.282842712475
1 0.1
5 1.11803398875
1 0.1
3 0.519615242271
4 0.8
2 0.282842712475
12 4.15692193817
2 0.282842712475
3 0.519615242271
2 0.282842712475
4 0.8
2 0.282842712475
7 1.85202591775
4 0.8
1 0.1
2 0.282842712475
3 0.519615242271
1 0.1
20 8.94427191
2 0.282842712475
4 0.8
2 0.282842712475
3 0.519615242271
2 0.282842712475
4 0.8
3 0.519615242271
3 0.519615242271
5 1.11803398875
2 0.282842712475
4 0.8
3 0.519615242271
1 0.1
1 0.1
2 0.282842712475
4 0.8
4 0.8
1 0.1
4 0.8
4 0.8
1 0.1
2 0.282842712475
2 0.282842712475
2 0.282842712475
3 0.519615242271
2 0.282842712475
2 0.282842712475
6 1.46969384567
4 0.8
1 0.1
2 0.282842712475
10 3.16227766017
1 0.1
2 0.282842712475
2 0.282842712475
3 0.519615242271
1 0.1
3 0.519615242271
1 0.1
2 0.282842712475
2 0.282842712475
38 23.4247732113
3 0.519615242271
3 0.519615242271
79 70.2167358968
1 0.1
2 0.282842712475
13 4.6872166581
4 0.8
2 0.282842712475
1 0.1
8 2.2627416998
3 0.519615242271
3 0.519615242271
2 0.282842712475
72 61.0940258945
3 0.519615242271
7 1.85202591775
3 0.519615242271
2 0.282842712475
2 0.282842712475
3 0.519615242271
2 0.282842712475
3 0.519615242271
1 0.1
9 2.7
3 0.519615242271
1 0.1
10 3.16227766017
4 0.8
10 3.16227766017
3 0.519615242271
5 1.11803398875
7 1.85202591775
3 0.519615242271
1 0.1
39 24.3554921938
2 0.282842712475
2 0.282842712475
3 0.519615242271
1 0.1
4 0.8
4 0.8
5 1.11803398875
280 468.529614859
3 0.519615242271
2 0.282842712475
206 295.665621945
10 3.16227766017
2 0.282842712475
3 0.519615242271
2 0.282842712475
6 1.46969384567
2 0.282842712475
7 1.85202591775
2 0.282842712475
6 1.46969384567
4 0.8
3 0.519615242271
4 0.8
23 11.0304125036
7 1.85202591775
2 0.282842712475
1 0.1
2 0.282842712475
2 0.282842712475
2 0.282842712475
5 1.11803398875
21 9.62340895941
2 0.282842712475
4 0.8
6 1.46969384567
2 0.282842712475
4 0.8
2 0.282842712475
5 1.11803398875
6 1.46969384567
5 1.11803398875
2 0.282842712475
2 0.282842712475
3 0.519615242271
1 0.1
1 0.1
2 0.282842712475
3 0.519615242271
9 2.7
3 0.519615242271
8 2.2627416998
1 0.1
1 0.1
4 0.8
13 4.6872166581
1 0.1
2 0.282842712475
4 0.8
1 0.1
1 0.1
3 0.519615242271
2 0.282842712475
2 0.282842712475
1 0.1
4 0.8
2 0.282842712475
2 0.282842712475
2 0.282842712475
1 0.1
5 1.11803398875
6 1.46969384567
5 1.11803398875
4 0.8
2 0.282842712475
15 5.80947501931
2 0.282842712475
3 0.519615242271
3 0.519615242271
3 0.519615242271
50 35.3553390593
1 0.1
1 0.1
2 0.282842712475
10 3.16227766017
2 0.282842712475
1 0.1
4 0.8
331 602.201718696
1 0.1
7 1.85202591775
82 74.2541581327
3 0.519615242271
1 0.1
6 1.46969384567
2 0.282842712475
2 0.282842712475
3 0.519615242271
1 0.1
2 0.282842712475
1 0.1
3 0.519615242271
3 0.519615242271
2 0.282842712475
2 0.282842712475
12 4.15692193817
12 4.15692193817
2 0.282842712475
2 0.282842712475
3 0.519615242271
33 18.9570567336
16 6.4
7 1.85202591775
19 8.28190799273
2 0.282842712475
4 0.8
4 0.8
8 2.2627416998
3 0.519615242271
10 3.16227766017
3 0.519615242271
1 0.1
2 0.282842712475
3 0.519615242271
2 0.282842712475
5 1.11803398875
4 0.8
2 0.282842712475
89 83.9624320753
22 10.3189146716
3 0.519615242271
9 2.7
2 0.282842712475
2 0.282842712475
37 22.5062213621
2 0.282842712475
18 7.63675323681
4 0.8
5 1.11803398875
2 0.282842712475
1 0.1
2 0.282842712475
1 0.1
20 8.94427191
3 0.519615242271
1 0.1
7 1.85202591775
3 0.519615242271
1 0.1
2 0.282842712475
1 0.1
3 0.519615242271
12 4.15692193817
2 0.282842712475
6 1.46969384567
2 0.282842712475
2 0.282842712475
28 14.816207342
7 1.85202591775
2 0.282842712475
2 0.282842712475
3 0.519615242271
3 0.519615242271
2 0.282842712475
1 0.1
1 0.1
5 1.11803398875
2 0.282842712475
4 0.8
20 8.94427191
3 0.519615242271
1 0.1
2 0.282842712475
2 0.282842712475
1 0.1
2 0.282842712475
16 6.4
9 2.7
4 0.8
2 0.282842712475
15 5.80947501931
1 0.1
3 0.519615242271
3 0.519615242271
3 0.519615242271
1 0.1
6 1.46969384567
4 0.8
3 0.519615242271
6 1.46969384567
5 1.11803398875
8 2.2627416998
2 0.282842712475
3 0.519615242271
4 0.8
1 0.1
2 0.282842712475
2 0.282842712475
3 0.519615242271
1 0.1
2 0.282842712475
4 0.8
1 0.1
9 2.7
52 37.4977332648
2 0.282842712475
2 0.282842712475
3 0.519615242271
13 4.6872166581
2 0.282842712475
2 0.282842712475
51 36.4212849856
2 0.282842712475
4 0.8
6 1.46969384567
6 1.46969384567
3 0.519615242271
1 0.1
6 1.46969384567
4 0.8
5 1.11803398875
2 0.282842712475
1 0.1
1 0.1
2 0.282842712475
1 0.1
8 2.2627416998
1 0.1
3 0.519615242271
2 0.282842712475
1 0.1
1 0.1
1 0.1
2 0.282842712475
2 0.282842712475
1 0.1
24 11.7575507654
23 11.0304125036
1 0.1
3 0.519615242271
1 0.1
1 0.1
1 0.1
3 0.519615242271
1 0.1
6 1.46969384567
3 0.519615242271
15 5.80947501931
1 0.1
9 2.7
2 0.282842712475
33 18.9570567336
6 1.46969384567
7 1.85202591775
2 0.282842712475
4 0.8
2 0.282842712475
3 0.519615242271
40 25.2982212813
30 16.4316767252
2 0.282842712475
3 0.519615242271
2 0.282842712475
2 0.282842712475
6 1.46969384567
2 0.282842712475
5 1.11803398875
2 0.282842712475
1 0.1
2 0.282842712475
4 0.8
6 1.46969384567
3 0.519615242271
1 0.1
1 0.1
13 4.6872166581
4 0.8
22 10.3189146716
2 0.282842712475
1 0.1
35 20.7062792408
9 2.7
1 0.1
2 0.282842712475
1 0.1
3 0.519615242271
2 0.282842712475
4 0.8
2 0.282842712475
2 0.282842712475
3 0.519615242271
2 0.282842712475
1 0.1
3 0.519615242271
4 0.8
2 0.282842712475
3 0.519615242271
1 0.1
4 0.8
6 1.46969384567
3 0.519615242271
1 0.1
2 0.282842712475
1 0.1
36 21.6
3 0.519615242271
4 0.8
38 23.4247732113
1 0.1
16 6.4
1 0.1
3 0.519615242271
2 0.282842712475
2 0.282842712475
2 0.282842712475
156 194.84393755
5 1.11803398875
1 0.1
4 0.8
1 0.1
1 0.1
5 1.11803398875
1 0.1
1 0.1
1 0.1
4 0.8
1 0.1
2 0.282842712475
2 0.282842712475
2 0.282842712475
2 0.282842712475
4 0.8
5 1.11803398875
3 0.519615242271
1 0.1
6 1.46969384567
2 0.282842712475
1 0.1
2 0.282842712475
2 0.282842712475
1 0.1
2 0.282842712475
11 3.64828726939
2 0.282842712475
19 8.28190799273
2 0.282842712475
8 2.2627416998
1 0.1
1 0.1
2 0.282842712475
3 0.519615242271
9 2.7
2 0.282842712475
5 1.11803398875
110 115.368973299
3 0.519615242271
2 0.282842712475
2 0.282842712475
7 1.85202591775
3 0.519615242271
17 7.00927956355
2 0.282842712475
3 0.519615242271
2 0.282842712475
3 0.519615242271
1 0.1
2 0.282842712475
1 0.1
13 4.6872166581
2 0.282842712475
4 0.8
2 0.282842712475
4 0.8
1 0.1
13 4.6872166581
2 0.282842712475
3 0.519615242271
5 1.11803398875
2 0.282842712475
1 0.1
1 0.1
4 0.8
2 0.282842712475
2 0.282842712475
2 0.282842712475
3 0.519615242271
3 0.519615242271
162 206.192337394
6 1.46969384567
2 0.282842712475
6 1.46969384567
2 0.282842712475
1 0.1
2 0.282842712475
22 10.3189146716
4 0.8
18 7.63675323681
3 0.519615242271
2 0.282842712475
3 0.519615242271
1 0.1
3 0.519615242271
5 1.11803398875
2 0.282842712475
1 0.1
2 0.282842712475
3 0.519615242271
2 0.282842712475
1 0.1
7 1.85202591775
2 0.282842712475
2 0.282842712475
1 0.1
1 0.1
3 0.519615242271
1 0.1
1 0.1
2 0.282842712475
2 0.282842712475
2 0.282842712475
2 0.282842712475
2 0.282842712475
18 7.63675323681
1 0.1
30 16.4316767252
25 12.5
3 0.519615242271
3 0.519615242271
1 0.1
2 0.282842712475
5 1.11803398875
1 0.1
2 0.282842712475
95 92.5945462757
7 1.85202591775
7 1.85202591775
16 6.4
10 3.16227766017
4 0.8
3 0.519615242271
2 0.282842712475
3 0.519615242271
86 79.7531190613
1 0.1
3 0.519615242271
5 1.11803398875
1 0.1
5 1.11803398875
4 0.8
120 131.453413801
5 1.11803398875
2 0.282842712475
4 0.8
4 0.8
1 0.1
24 11.7575507654
2 0.282842712475
1 0.1
2 0.282842712475
5 1.11803398875
1 0.1
3 0.519615242271
2 0.282842712475
2 0.282842712475
2 0.282842712475
6 1.46969384567
1 0.1
2 0.282842712475
3 0.519615242271
16 6.4
2 0.282842712475
2 0.282842712475
3 0.519615242271
1 0.1
10 3.16227766017
2 0.282842712475
2 0.282842712475
2 0.282842712475
8 2.2627416998
4 0.8
2 0.282842712475
5 1.11803398875
9 2.7
9 2.7
5 1.11803398875
3 0.519615242271
3 0.519615242271
9 2.7
2 0.282842712475
1 0.1
1 0.1
6 1.46969384567
2 0.282842712475
1 0.1
3 0.519615242271
2 0.282842712475
10 3.16227766017
1 0.1
3 0.519615242271
2 0.282842712475
2 0.282842712475
2 0.282842712475
2 0.282842712475
2 0.282842712475
1 0.1
3 0.519615242271
6 1.46969384567
2 0.282842712475
3 0.519615242271
10 3.16227766017
2 0.282842712475
4 0.8
1 0.1
3 0.519615242271
2 0.282842712475
4 0.8
179 239.485678069
1 0.1
4 0.8
2 0.282842712475
1 0.1
3 0.519615242271
4 0.8
2 0.282842712475
3 0.519615242271
2 0.282842712475
1 0.1
1 0.1
20 8.94427191
9 2.7
3 0.519615242271
8 2.2627416998
5 1.11803398875
4 0.8
7 1.85202591775
4 0.8
13 4.6872166581
3 0.519615242271
1 0.1
3 0.519615242271
2 0.282842712475
9 2.7
4 0.8
2 0.282842712475
4 0.8
1 0.1
2 0.282842712475
10 3.16227766017
15 5.80947501931
2 0.282842712475
2 0.282842712475
3 0.519615242271
2 0.282842712475
2 0.282842712475
26 13.2574507353
2 0.282842712475
4 0.8
5 1.11803398875
3 0.519615242271
2 0.282842712475
2 0.282842712475
1 0.1
4 0.8
9 2.7
1 0.1
2 0.282842712475
1 0.1
6 1.46969384567
2 0.282842712475
2 0.282842712475
66 53.6186534706
1 0.1
2 0.282842712475
3 0.519615242271
6 1.46969384567
5 1.11803398875
4 0.8
2 0.282842712475
2 0.282842712475
2 0.282842712475
3 0.519615242271
1 0.1
2 0.282842712475
2 0.282842712475
1 0.1
3 0.519615242271
4 0.8
21 9.62340895941
3 0.519615242271
7 1.85202591775
5 1.11803398875
3 0.519615242271
15 5.80947501931
2 0.282842712475
1 0.1
3 0.519615242271
2 0.282842712475
11 3.64828726939
1 0.1
4 0.8
1 0.1
1 0.1
9 2.7
4 0.8
2 0.282842712475
9 2.7
53 38.5845824132
8 2.2627416998
2 0.282842712475
50 35.3553390593
4 0.8
3 0.519615242271
36 21.6
1 0.1
1 0.1
2 0.282842712475
1 0.1
3 0.519615242271
1 0.1
4 0.8
1 0.1
7 1.85202591775
2 0.282842712475
11 3.64828726939
5 1.11803398875
2 0.282842712475
11 3.64828726939
4 0.8
2 0.282842712475
2 0.282842712475
3 0.519615242271
3 0.519615242271
3 0.519615242271
28 14.816207342
1 0.1
3 0.519615242271
1 0.1
2 0.282842712475
2 0.282842712475
7 1.85202591775
2 0.282842712475
2 0.282842712475
29 15.6169779407
2 0.282842712475
8 2.2627416998
1 0.1
1 0.1
4 0.8
3 0.519615242271
7 1.85202591775
1 0.1
1 0.1
8 2.2627416998
1 0.1
3 0.519615242271
4 0.8
2 0.282842712475
9 2.7
5 1.11803398875
2 0.282842712475
17 7.00927956355
2 0.282842712475
5 1.11803398875
2 0.282842712475
4 0.8
19 8.28190799273
9 2.7
4 0.8
2 0.282842712475
1 0.1
4 0.8
2 0.282842712475
1 0.1
6 1.46969384567
1 0.1
1 0.1
3 0.519615242271
1 0.1
2 0.282842712475
4 0.8
1 0.1
23 11.0304125036
50 35.3553390593
2 0.282842712475
8 2.2627416998
2 0.282842712475
9 2.7
9 2.7
1 0.1
51 36.4212849856
5 1.11803398875
1 0.1
1 0.1
1 0.1
19 8.28190799273
3 0.519615242271
2 0.282842712475
125 139.754248594
2 0.282842712475
1 0.1
2 0.282842712475
10 3.16227766017
3 0.519615242271
1 0.1
7 1.85202591775
2 0.282842712475
2 0.282842712475
4 0.8
127 143.121731404
7 1.85202591775
1 0.1
1 0.1
9 2.7
9 2.7
2 0.282842712475
3 0.519615242271
13 4.6872166581
5 1.11803398875
2 0.282842712475
2 0.282842712475
3 0.519615242271
8 2.2627416998
32 18.1019335984
1 0.1
15 5.80947501931
2 0.282842712475
226 339.752498151
14 5.23832034148
2 0.282842712475
2 0.282842712475
8 2.2627416998
6 1.46969384567
5 1.11803398875
2 0.282842712475
6 1.46969384567
10 3.16227766017
2 0.282842712475
3 0.519615242271
2 0.282842712475
3 0.519615242271
2 0.282842712475
6 1.46969384567
4 0.8
2 0.282842712475
4 0.8
2 0.282842712475
2 0.282842712475
1 0.1
2 0.282842712475
8 2.2627416998
6 1.46969384567
6 1.46969384567
3 0.519615242271
2 0.282842712475
32 18.1019335984
46 31.1987179224
1 0.1
3 0.519615242271
3 0.519615242271
3 0.519615242271
2 0.282842712475
1 0.1
1 0.1
4 0.8
1 0.1
2 0.282842712475
2 0.282842712475
1 0.1
2 0.282842712475
5 1.11803398875
28 14.816207342
3 0.519615242271
1 0.1
68 56.0742365084
2 0.282842712475
9 2.7
3 0.519615242271
4 0.8
4 0.8
5 1.11803398875
3 0.519615242271
11 3.64828726939
4 0.8
1 0.1
1 0.1
2 0.282842712475
4 0.8
13 4.6872166581
1 0.1
1 0.1
2 0.282842712475
2 0.282842712475
28 14.816207342
3 0.519615242271
2 0.282842712475
1 0.1
12 4.15692193817
6 1.46969384567
1 0.1
9 2.7
2 0.282842712475
10 3.16227766017
2 0.282842712475
4 0.8
2 0.282842712475
10 3.16227766017
8 2.2627416998
1 0.1
16 6.4
15 5.80947501931
11 3.64828726939
5 1.11803398875
3 0.519615242271
7 1.85202591775
2 0.282842712475
2 0.282842712475
1 0.1
2 0.282842712475
1 0.1
1 0.1
2 0.282842712475
4 0.8
3 0.519615242271
1 0.1
6 1.46969384567
2 0.282842712475
2 0.282842712475
8 2.2627416998
2 0.282842712475
9 2.7
1 0.1
2 0.282842712475
2 0.282842712475
12 4.15692193817
3 0.519615242271
2 0.282842712475
5 1.11803398875
3 0.519615242271
4 0.8
2 0.282842712475
11 3.64828726939
2 0.282842712475
2 0.282842712475
3 0.519615242271
5 1.11803398875
2 0.282842712475
16 6.4
3 0.519615242271
2 0.282842712475
3 0.519615242271
4 0.8
2 0.282842712475
4 0.8
2 0.282842712475
2 0.282842712475
1 0.1
1 0.1
4 0.8
3 0.519615242271
1 0.1
2 0.282842712475
1 0.1
2 0.282842712475
6 1.46969384567
4 0.8
3 0.519615242271
5 1.11803398875
2 0.282842712475
11 3.64828726939
27 14.0296115413
2 0.282842712475
1 0.1
52 37.4977332648
4 0.8
121 133.1
9 2.7
2 0.282842712475
2 0.282842712475
2 0.282842712475
5 1.11803398875
2 0.282842712475
3 0.519615242271
2 0.282842712475
1 0.1
1 0.1
25 12.5
1 0.1
1 0.1
3 0.519615242271
1 0.1
2 0.282842712475
111 116.945756657
9 2.7
3 0.519615242271
4 0.8
1 0.1
1 0.1
2 0.282842712475
1 0.1
1 0.1
2 0.282842712475
2 0.282842712475
2 0.282842712475
2 0.282842712475
8 2.2627416998
8 2.2627416998
1 0.1
3 0.519615242271
2 0.282842712475
4 0.8
2 0.282842712475
2 0.282842712475
3 0.519615242271
7 1.85202591775
1 0.1
1 0.1
2 0.282842712475
8 2.2627416998
1 0.1
2 0.282842712475
14 5.23832034148
2 0.282842712475
2 0.282842712475
6 1.46969384567
32 18.1019335984
2 0.282842712475
11 3.64828726939
7 1.85202591775
1 0.1
5 1.11803398875
2 0.282842712475
4 0.8
2 0.282842712475
2 0.282842712475
6 1.46969384567
2 0.282842712475
1 0.1
14 5.23832034148
2 0.282842712475
4 0.8
3 0.519615242271
5 1.11803398875
1 0.1
2 0.282842712475
3 0.519615242271
2 0.282842712475
3 0.519615242271
3 0.519615242271
1 0.1
4 0.8
2 0.282842712475
2 0.282842712475
3 0.519615242271
2 0.282842712475
1 0.1
2 0.282842712475
4 0.8
3 0.519615242271
2 0.282842712475
2 0.282842712475
6 1.46969384567
4 0.8
7 1.85202591775
5 1.11803398875
3 0.519615242271
5 1.11803398875
2 0.282842712475
2 0.282842712475
89 83.9624320753
4 0.8
7 1.85202591775
2 0.282842712475
5 1.11803398875
2 0.282842712475
6 1.46969384567
15 5.80947501931
2 0.282842712475
1 0.1
1 0.1
10 3.16227766017
2 0.282842712475
1 0.1
1 0.1
4 0.8
8 2.2627416998
2 0.282842712475
3 0.519615242271
2 0.282842712475
1 0.1
2 0.282842712475
2 0.282842712475
35 20.7062792408
3 0.519615242271
4 0.8
19 8.28190799273
16 6.4
13 4.6872166581
2 0.282842712475
7 1.85202591775
6 1.46969384567
1 0.1
6 1.46969384567
3 0.519615242271
2 0.282842712475
2 0.282842712475
8 2.2627416998
3 0.519615242271
4 0.8
2 0.282842712475
3 0.519615242271
2 0.282842712475
1 0.1
3 0.519615242271
1 0.1
30 16.4316767252
4 0.8
6 1.46969384567
11 3.64828726939
1 0.1
1 0.1
5 1.11803398875
4 0.8
15 5.80947501931
2 0.282842712475
2 0.282842712475
2 0.282842712475
2 0.282842712475
1 0.1
1 0.1
4 0.8
14 5.23832034148
4 0.8
14 5.23832034148
50 35.3553390593
2 0.282842712475
2 0.282842712475
2 0.282842712475
3 0.519615242271
11 3.64828726939
4 0.8
2 0.282842712475
5 1.11803398875
2 0.282842712475
3 0.519615242271
3 0.519615242271
3 0.519615242271
3 0.519615242271
3 0.519615242271
2 0.282842712475
4 0.8
1 0.1
119 129.813674164
3 0.519615242271
15 5.80947501931
2 0.282842712475
2 0.282842712475
2 0.282842712475
2 0.282842712475
24 11.7575507654
3 0.519615242271
21 9.62340895941
11 3.64828726939
4 0.8
2 0.282842712475
5 1.11803398875
7 1.85202591775
4 0.8
2 0.282842712475
2 0.282842712475
3 0.519615242271
2 0.282842712475
6 1.46969384567
2 0.282842712475
7 1.85202591775
3 0.519615242271
7 1.85202591775
4 0.8
5 1.11803398875
4 0.8
26 13.2574507353
7 1.85202591775
10 3.16227766017
5 1.11803398875
13 4.6872166581
13 4.6872166581
58 44.171484014
26 13.2574507353
5 1.11803398875
1 0.1
3 0.519615242271
2 0.282842712475
2 0.282842712475
10 3.16227766017
6 1.46969384567
48 33.2553755053
4 0.8
4 0.8
1 0.1
14 5.23832034148
13 4.6872166581
2 0.282842712475
1 0.1
28 14.816207342
2 0.282842712475
24 11.7575507654
2 0.282842712475
2 0.282842712475
2 0.282842712475
2 0.282842712475
9 2.7
13 4.6872166581
3 0.519615242271
1 0.1
11 3.64828726939
1 0.1
4 0.8
18 7.63675323681
2 0.282842712475
3 0.519615242271
2 0.282842712475
1 0.1
1 0.1
9 2.7
6 1.46969384567
6 1.46969384567
3 0.519615242271
1 0.1
1 0.1
40 25.2982212813
5 1.11803398875
4 0.8
1 0.1
2 0.282842712475
4 0.8
3 0.519615242271
2 0.282842712475
5 1.11803398875
1 0.1
33 18.9570567336
39 24.3554921938
5 1.11803398875
1 0.1
1 0.1
3 0.519615242271
1 0.1
3 0.519615242271
3 0.519615242271
2 0.282842712475
1 0.1
2 0.282842712475
4 0.8
7 1.85202591775
4 0.8
2 0.282842712475
2 0.282842712475
2 0.282842712475
2 0.282842712475
2 0.282842712475
2 0.282842712475
2 0.282842712475
2 0.282842712475
10 3.16227766017
2 0.282842712475
3 0.519615242271
2 0.282842712475
10 3.16227766017
19 8.28190799273
1 0.1
2 0.282842712475
2 0.282842712475
8 2.2627416998
3 0.519615242271
1 0.1
1 0.1
1 0.1
3 0.519615242271
4 0.8
2 0.282842712475
9 2.7
8 2.2627416998
2 0.282842712475
2 0.282842712475
1 0.1
3 0.519615242271
3 0.519615242271
5 1.11803398875
3 0.519615242271
2 0.282842712475
2 0.282842712475
1 0.1
2 0.282842712475
3 0.519615242271
1 0.1
6 1.46969384567
1 0.1
2 0.282842712475
2 0.282842712475
7 1.85202591775
4 0.8
2 0.282842712475
2 0.282842712475
1 0.1
2 0.282842712475
2 0.282842712475
2 0.282842712475
48 33.2553755053
6 1.46969384567
1 0.1
4 0.8
2 0.282842712475
9 2.7
5 1.11803398875
11 3.64828726939
2 0.282842712475
5 1.11803398875
1 0.1
2 0.282842712475
3 0.519615242271
682 1781.05184652
1 0.1
3 0.519615242271
2 0.282842712475
2 0.282842712475
13 4.6872166581
2 0.282842712475
1 0.1
2 0.282842712475
3 0.519615242271
1 0.1
3 0.519615242271
4 0.8
4 0.8
3 0.519615242271
2 0.282842712475
3 0.519615242271
4 0.8
5 1.11803398875
13 4.6872166581
2 0.282842712475
4 0.8
3 0.519615242271
2 0.282842712475
8 2.2627416998
2 0.282842712475
2 0.282842712475
2 0.282842712475
2 0.282842712475
2 0.282842712475
6 1.46969384567
7 1.85202591775
1 0.1
6 1.46969384567
1 0.1
1 0.1
15 5.80947501931
9 2.7
3 0.519615242271
1 0.1
2 0.282842712475
1 0.1
2 0.282842712475
3 0.519615242271
1 0.1
2 0.282842712475
4 0.8
3 0.519615242271
2 0.282842712475
4 0.8
10 3.16227766017
56 41.9065627319
5 1.11803398875
18 7.63675323681
1 0.1
8 2.2627416998
1 0.1
2 0.282842712475
3 0.519615242271
2 0.282842712475
2 0.282842712475
4 0.8
7 1.85202591775
2 0.282842712475
1 0.1
7 1.85202591775
8 2.2627416998
2 0.282842712475
5 1.11803398875
1 0.1
4 0.8
5 1.11803398875
28 14.816207342
2 0.282842712475
1 0.1
3 0.519615242271
3 0.519615242271
2 0.282842712475
1 0.1
2 0.282842712475
47 32.2215766219
10 3.16227766017
3 0.519615242271
3 0.519615242271
2 0.282842712475
2 0.282842712475
9 2.7
2 0.282842712475
1 0.1
3 0.519615242271
9 2.7
4 0.8
3 0.519615242271
2 0.282842712475
10 3.16227766017
1 0.1
3 0.519615242271
2 0.282842712475
2 0.282842712475
6 1.46969384567
3 0.519615242271
1 0.1
4 0.8
1 0.1
6 1.46969384567
2 0.282842712475
7 1.85202591775
1 0.1
4 0.8
3 0.519615242271
2 0.282842712475
3 0.519615242271
2 0.282842712475
1 0.1
1 0.1
2 0.282842712475
8 2.2627416998
2 0.282842712475
3 0.519615242271
3 0.519615242271
4 0.8
4 0.8
2 0.282842712475
4 0.8
2 0.282842712475
4 0.8
2 0.282842712475
1 0.1
1 0.1
2 0.282842712475
82 74.2541581327
2 0.282842712475
2 0.282842712475
9 2.7
2 0.282842712475
3 0.519615242271
20 8.94427191
3 0.519615242271
1 0.1
12 4.15692193817
3 0.519615242271
1 0.1
2 0.282842712475
2 0.282842712475
1 0.1
18 7.63675323681
3 0.519615242271
5 1.11803398875
2 0.282842712475
3 0.519615242271
1 0.1
1 0.1
2 0.282842712475
13 4.6872166581
1 0.1
4 0.8
4 0.8
2 0.282842712475
2 0.282842712475
10 3.16227766017
2 0.282842712475
7 1.85202591775
3 0.519615242271
1 0.1
2 0.282842712475
3 0.519615242271
9 2.7
2 0.282842712475
3 0.519615242271
1 0.1
3 0.519615242271
1 0.1
1 0.1
4 0.8
1 0.1
13 4.6872166581
3 0.519615242271
3 0.519615242271
2 0.282842712475
18 7.63675323681
13 4.6872166581
2 0.282842712475
1277 4563.37696558
2 0.282842712475
6 1.46969384567
3 0.519615242271
2 0.282842712475
2 0.282842712475
2 0.282842712475
64 51.2
16 6.4
2 0.282842712475
2 0.282842712475
1 0.1
3 0.519615242271
2 0.282842712475
4 0.8
4 0.8
2 0.282842712475
2 0.282842712475
2 0.282842712475
22 10.3189146716
3 0.519615242271
2 0.282842712475
1 0.1
5 1.11803398875
5 1.11803398875
4 0.8
2 0.282842712475
1 0.1
2 0.282842712475
4 0.8
2 0.282842712475
5 1.11803398875
3 0.519615242271
40 25.2982212813
3 0.519615242271
5 1.11803398875
2 0.282842712475
2 0.282842712475
6 1.46969384567
75 64.9519052838
5 1.11803398875
2 0.282842712475
2 0.282842712475
2 0.282842712475
2 0.282842712475
2 0.282842712475
6 1.46969384567
3 0.519615242271
4 0.8
4 0.8
7 1.85202591775
5 1.11803398875
2 0.282842712475
1 0.1
1 0.1
3 0.519615242271
7 1.85202591775
3 0.519615242271
4 0.8
6 1.46969384567
2 0.282842712475
4 0.8
3 0.519615242271
2 0.282842712475
13 4.6872166581
2 0.282842712475
2 0.282842712475
1 0.1
2 0.282842712475
1 0.1
2 0.282842712475
4 0.8
2 0.282842712475
5 1.11803398875
4 0.8
2 0.282842712475
1 0.1
5 1.11803398875
1 0.1
1 0.1
3 0.519615242271
2 0.282842712475
2 0.282842712475
15 5.80947501931
2 0.282842712475
1 0.1
13 4.6872166581
2 0.282842712475
1 0.1
811 2309.57080645
56 41.9065627319
3 0.519615242271
1 0.1
5 1.11803398875
1 0.1
3 0.519615242271
19 8.28190799273
2 0.282842712475
2 0.282842712475
2 0.282842712475
18 7.63675323681
11 3.64828726939
2 0.282842712475
2 0.282842712475
12 4.15692193817
2 0.282842712475
5 1.11803398875
18 7.63675323681
7 1.85202591775
4 0.8
2 0.282842712475
8 2.2627416998
1 0.1
3 0.519615242271
1 0.1
1 0.1
3 0.519615242271
2 0.282842712475
3 0.519615242271
423 869.982568791
3 0.519615242271
3 0.519615242271
3 0.519615242271
7 1.85202591775
2 0.282842712475
1 0.1
2 0.282842712475
9 2.7
4 0.8
1 0.1
6 1.46969384567
2 0.282842712475
2 0.282842712475
2 0.282842712475
2 0.282842712475
3 0.519615242271
2 0.282842712475
2 0.282842712475
32 18.1019335984
4 0.8
3 0.519615242271
5 1.11803398875
37 22.5062213621
3 0.519615242271
1 0.1
4 0.8
1 0.1
2 0.282842712475
223 333.010014864
5 1.11803398875
3 0.519615242271
5 1.11803398875
3 0.519615242271
6 1.46969384567
4 0.8
1 0.1
4 0.8
1 0.1
2 0.282842712475
2 0.282842712475
1 0.1
2 0.282842712475
4 0.8
5 1.11803398875
2 0.282842712475
7 1.85202591775
3 0.519615242271
5 1.11803398875
24 11.7575507654
1 0.1
3 0.519615242271
1 0.1
2 0.282842712475
1 0.1
12 4.15692193817
4 0.8
