171 1748.60859896
3 0.806362613857
5 2.1283498063
6 3.00945168748
5 2.1283498063
4 1.39288090127
3 0.806362613857
9 6.50220665026
6 3.00945168748
5 2.1283498063
5 2.1283498063
14 15.0537003781
3 0.806362613857
4 1.39288090127
4 1.39288090127
4 1.39288090127
7 4.03353914457
10 7.94328234724
10 7.94328234724
5 2.1283498063
3 0.806362613857
4 1.39288090127
8 5.19841533668
9 6.50220665026
22 35.5306451722
8 5.19841533668
3 0.806362613857
11 9.52020065058
6 3.00945168748
3 0.806362613857
4 1.39288090127
3 0.806362613857
10 7.94328234724
3 0.806362613857
5 2.1283498063
6 3.00945168748
5 2.1283498063
5 2.1283498063
8 5.19841533668
3 0.806362613857
7 4.03353914457
8 5.19841533668
15 17.1622171301
5 2.1283498063
19 26.8925411482
27 52.4313635034
6 3.00945168748
4 1.39288090127
9 6.50220665026
30 64.0516591612
7 4.03353914457
9 6.50220665026
43 126.937536492
6 3.00945168748
7 4.03353914457
4 1.39288090127
13 13.0765256307
5 2.1283498063
3 0.806362613857
24 41.918077788
5 2.1283498063
14 15.0537003781
4 1.39288090127
5 2.1283498063
7 4.03353914457
5 2.1283498063
4 1.39288090127
5 2.1283498063
4 1.39288090127
3 0.806362613857
10 7.94328234724
23 38.6618728707
4 1.39288090127
9 6.50220665026
10 7.94328234724
10 7.94328234724
8 5.19841533668
5 2.1283498063
7 4.03353914457
5 2.1283498063
5 2.1283498063
3 0.806362613857
9 6.50220665026
4 1.39288090127
5 2.1283498063
12 11.2316708434
15 17.1622171301
5 2.1283498063
4 1.39288090127
5 2.1283498063
6 3.00945168748
3 0.806362613857
5 2.1283498063
6 3.00945168748
4 1.39288090127
4 1.39288090127
50 169.060834452
3 0.806362613857
4 1.39288090127
78 393.531721258
4 1.39288090127
7 4.03353914457
5 2.1283498063
6 3.00945168748
4 1.39288090127
4 1.39288090127
4 1.39288090127
5 2.1283498063
6 3.00945168748
4 1.39288090127
6 3.00945168748
15 17.1622171301
7 4.03353914457
3 0.806362613857
4 1.39288090127
9 6.50220665026
4 1.39288090127
6 3.00945168748
8 5.19841533668
5 2.1283498063
10 7.94328234724
4 1.39288090127
8 5.19841533668
9 6.50220665026
10 7.94328234724
12 11.2316708434
5 2.1283498063
8 5.19841533668
3 0.806362613857
9 6.50220665026
7 4.03353914457
6 3.00945168748
7 4.03353914457
4 1.39288090127
15 17.1622171301
3 0.806362613857
10 7.94328234724
3 0.806362613857
7 4.03353914457
9 6.50220665026
6 3.00945168748
6 3.00945168748
9 6.50220665026
6 3.00945168748
4 1.39288090127
8 5.19841533668
4 1.39288090127
5 2.1283498063
7 4.03353914457
5 2.1283498063
14 15.0537003781
6 3.00945168748
15 17.1622171301
4 1.39288090127
4 1.39288090127
6 3.00945168748
3 0.806362613857
10 7.94328234724
4 1.39288090127
10 7.94328234724
4 1.39288090127
8 5.19841533668
4 1.39288090127
15 17.1622171301
20 29.6453779643
8 5.19841533668
5 2.1283498063
6 3.00945168748
9 6.50220665026
11 9.52020065058
13 13.0765256307
5 2.1283498063
4 1.39288090127
5 2.1283498063
6 3.00945168748
4 1.39288090127
6 3.00945168748
6 3.00945168748
6 3.00945168748
4 1.39288090127
5 2.1283498063
3 0.806362613857
4 1.39288090127
5 2.1283498063
3 0.806362613857
6 3.00945168748
8 5.19841533668
11 9.52020065058
44 132.605056625
15 17.1622171301
5 2.1283498063
5 2.1283498063
5 2.1283498063
11 9.52020065058
7 4.03353914457
7 4.03353914457
5 2.1283498063
5 2.1283498063
4 1.39288090127
4 1.39288090127
43 126.937536492
12 11.2316708434
7 4.03353914457
4 1.39288090127
11 9.52020065058
6 3.00945168748
4 1.39288090127
12 11.2316708434
5 2.1283498063
3 0.806362613857
4 1.39288090127
4 1.39288090127
11 9.52020065058
4 1.39288090127
6 3.00945168748
5 2.1283498063
5 2.1283498063
9 6.50220665026
7 4.03353914457
5 2.1283498063
14 15.0537003781
4 1.39288090127
4 1.39288090127
12 11.2316708434
4 1.39288090127
18 24.2670932899
4 1.39288090127
39 105.444213878
5 2.1283498063
5 2.1283498063
48 156.443798072
4 1.39288090127
5 2.1283498063
4 1.39288090127
13 13.0765256307
33 76.7673388104
4 1.39288090127
6 3.00945168748
6 3.00945168748
10 7.94328234724
4 1.39288090127
3 0.806362613857
5 2.1283498063
6 3.00945168748
3 0.806362613857
4 1.39288090127
4 1.39288090127
4 1.39288090127
5 2.1283498063
5 2.1283498063
17 21.7697253833
17 21.7697253833
4 1.39288090127
3 0.806362613857
4 1.39288090127
4 1.39288090127
7 4.03353914457
3 0.806362613857
5 2.1283498063
4 1.39288090127
31 68.1690463188
7 4.03353914457
10 7.94328234724
4 1.39288090127
5 2.1283498063
4 1.39288090127
4 1.39288090127
22 35.5306451722
8 5.19841533668
5 2.1283498063
7 4.03353914457
9 6.50220665026
5 2.1283498063
9 6.50220665026
6 3.00945168748
5 2.1283498063
9 6.50220665026
4 1.39288090127
6 3.00945168748
7 4.03353914457
4 1.39288090127
6 3.00945168748
4 1.39288090127
4 1.39288090127
4 1.39288090127
6 3.00945168748
5 2.1283498063
5 2.1283498063
5 2.1283498063
13 13.0765256307
7 4.03353914457
3 0.806362613857
7 4.03353914457
5 2.1283498063
13 13.0765256307
6 3.00945168748
4 1.39288090127
4 1.39288090127
3 0.806362613857
4 1.39288090127
4 1.39288090127
7 4.03353914457
3 0.806362613857
3 0.806362613857
4 1.39288090127
3 0.806362613857
4 1.39288090127
5 2.1283498063
5 2.1283498063
5 2.1283498063
7 4.03353914457
7 4.03353914457
4 1.39288090127
4 1.39288090127
8 5.19841533668
27 52.4313635034
9 6.50220665026
4 1.39288090127
14 15.0537003781
9 6.50220665026
4 1.39288090127
6 3.00945168748
5 2.1283498063
5 2.1283498063
34 81.2474879974
3 0.806362613857
9 6.50220665026
4 1.39288090127
4 1.39288090127
9 6.50220665026
6 3.00945168748
6 3.00945168748
4 1.39288090127
4 1.39288090127
3 0.806362613857
7 4.03353914457
5 2.1283498063
4 1.39288090127
4 1.39288090127
4 1.39288090127
12 11.2316708434
3 0.806362613857
5 2.1283498063
5 2.1283498063
11 9.52020065058
6 3.00945168748
4 1.39288090127
5 2.1283498063
7 4.03353914457
19 26.8925411482
5 2.1283498063
9 6.50220665026
12 11.2316708434
4 1.39288090127
5 2.1283498063
4 1.39288090127
6 3.00945168748
5 2.1283498063
4 1.39288090127
5 2.1283498063
3 0.806362613857
4 1.39288090127
4 1.39288090127
15 17.1622171301
3 0.806362613857
4 1.39288090127
4 1.39288090127
4 1.39288090127
3 0.806362613857
4 1.39288090127
3 0.806362613857
11 9.52020065058
4 1.39288090127
4 1.39288090127
6 3.00945168748
4 1.39288090127
9 6.50220665026
4 1.39288090127
5 2.1283498063
4 1.39288090127
5 2.1283498063
4 1.39288090127
4 1.39288090127
4 1.39288090127
34 81.2474879974
5 2.1283498063
5 2.1283498063
3 0.806362613857
3 0.806362613857
5 2.1283498063
4 1.39288090127
17 21.7697253833
5 2.1283498063
3 0.806362613857
4 1.39288090127
5 2.1283498063
7 4.03353914457
5 2.1283498063
8 5.19841533668
4 1.39288090127
6 3.00945168748
4 1.39288090127
5 2.1283498063
4 1.39288090127
5 2.1283498063
5 2.1283498063
9 6.50220665026
7 4.03353914457
19 26.8925411482
3 0.806362613857
3 0.806362613857
13 13.0765256307
4 1.39288090127
5 2.1283498063
6 3.00945168748
4 1.39288090127
3 0.806362613857
4 1.39288090127
4 1.39288090127
5 2.1283498063
4 1.39288090127
12 11.2316708434
28 56.1823963901
5 2.1283498063
8 5.19841533668
3 0.806362613857
5 2.1283498063
3 0.806362613857
4 1.39288090127
6 3.00945168748
4 1.39288090127
4 1.39288090127
5 2.1283498063
4 1.39288090127
5 2.1283498063
3 0.806362613857
6 3.00945168748
4 1.39288090127
4 1.39288090127
12 11.2316708434
14 15.0537003781
16 19.4011720513
3 0.806362613857
4 1.39288090127
9 6.50220665026
7 4.03353914457
3 0.806362613857
5 2.1283498063
13 13.0765256307
4 1.39288090127
4 1.39288090127
12 11.2316708434
3 0.806362613857
4 1.39288090127
4 1.39288090127
4 1.39288090127
14 15.0537003781
5 2.1283498063
6 3.00945168748
8 5.19841533668
3 0.806362613857
4 1.39288090127
5 2.1283498063
5 2.1283498063
4 1.39288090127
5 2.1283498063
4 1.39288090127
5 2.1283498063
4 1.39288090127
3 0.806362613857
6 3.00945168748
12 11.2316708434
5 2.1283498063
6 3.00945168748
4 1.39288090127
4 1.39288090127
9 6.50220665026
18 24.2670932899
4 1.39288090127
6 3.00945168748
4 1.39288090127
11 9.52020065058
6 3.00945168748
4 1.39288090127
4 1.39288090127
6 3.00945168748
9 6.50220665026
4 1.39288090127
7 4.03353914457
4 1.39288090127
11 9.52020065058
4 1.39288090127
4 1.39288090127
10 7.94328234724
35 85.8478225705
9 6.50220665026
6 3.00945168748
4 1.39288090127
5 2.1283498063
8 5.19841533668
7 4.03353914457
8 5.19841533668
3 0.806362613857
5 2.1283498063
93 549.689703737
4 1.39288090127
5 2.1283498063
5 2.1283498063
5 2.1283498063
5 2.1283498063
4 1.39288090127
4 1.39288090127
4 1.39288090127
5 2.1283498063
4 1.39288090127
6 3.00945168748
8 5.19841533668
5 2.1283498063
4 1.39288090127
7 4.03353914457
7 4.03353914457
5 2.1283498063
13 13.0765256307
8 5.19841533668
4 1.39288090127
13 13.0765256307
4 1.39288090127
8 5.19841533668
7 4.03353914457
8 5.19841533668
5 2.1283498063
5 2.1283498063
9 6.50220665026
4 1.39288090127
9 6.50220665026
9 6.50220665026
5 2.1283498063
4 1.39288090127
58 224.136810605
12 11.2316708434
4 1.39288090127
16 19.4011720513
5 2.1283498063
36 90.5679945928
8 5.19841533668
9 6.50220665026
4 1.39288090127
10 7.94328234724
3 0.806362613857
4 1.39288090127
8 5.19841533668
4 1.39288090127
3 0.806362613857
4 1.39288090127
6 3.00945168748
3 0.806362613857
4 1.39288090127
5 2.1283498063
4 1.39288090127
5 2.1283498063
9 6.50220665026
4 1.39288090127
4 1.39288090127
5 2.1283498063
11 9.52020065058
8 5.19841533668
14 15.0537003781
5 2.1283498063
15 17.1622171301
11 9.52020065058
4 1.39288090127
5 2.1283498063
10 7.94328234724
91 527.446780065
5 2.1283498063
5 2.1283498063
5 2.1283498063
6 3.00945168748
7 4.03353914457
11 9.52020065058
6 3.00945168748
6 3.00945168748
4 1.39288090127
7 4.03353914457
5 2.1283498063
5 2.1283498063
6 3.00945168748
4 1.39288090127
3 0.806362613857
6 3.00945168748
4 1.39288090127
3 0.806362613857
4 1.39288090127
8 5.19841533668
4 1.39288090127
9 6.50220665026
23 38.6618728707
7 4.03353914457
5 2.1283498063
6 3.00945168748
6 3.00945168748
7 4.03353914457
15 17.1622171301
6 3.00945168748
10 7.94328234724
9 6.50220665026
5 2.1283498063
4 1.39288090127
33 76.7673388104
4 1.39288090127
6 3.00945168748
5 2.1283498063
3 0.806362613857
5 2.1283498063
10 7.94328234724
4 1.39288090127
5 2.1283498063
8 5.19841533668
5 2.1283498063
6 3.00945168748
3 0.806362613857
6 3.00945168748
5 2.1283498063
16 19.4011720513
13 13.0765256307
3 0.806362613857
12 11.2316708434
7 4.03353914457
10 7.94328234724
4 1.39288090127
9 6.50220665026
5 2.1283498063
26 48.8033193126
3 0.806362613857
6 3.00945168748
4 1.39288090127
4 1.39288090127
27 52.4313635034
7 4.03353914457
4 1.39288090127
16 19.4011720513
4 1.39288090127
3 0.806362613857
5 2.1283498063
9 6.50220665026
18 24.2670932899
7 4.03353914457
8 5.19841533668
4 1.39288090127
4 1.39288090127
4 1.39288090127
7 4.03353914457
4 1.39288090127
4 1.39288090127
4 1.39288090127
4 1.39288090127
8 5.19841533668
4 1.39288090127
5 2.1283498063
8 5.19841533668
14 15.0537003781
36 90.5679945928
8 5.19841533668
17 21.7697253833
4 1.39288090127
14 15.0537003781
5 2.1283498063
5 2.1283498063
14 15.0537003781
13 13.0765256307
4 1.39288090127
5 2.1283498063
4 1.39288090127
5 2.1283498063
3 0.806362613857
6 3.00945168748
9 6.50220665026
4 1.39288090127
9 6.50220665026
5 2.1283498063
3 0.806362613857
27 52.4313635034
4 1.39288090127
4 1.39288090127
5 2.1283498063
17 21.7697253833
4 1.39288090127
4 1.39288090127
3 0.806362613857
3 0.806362613857
5 2.1283498063
4 1.39288090127
12 11.2316708434
26 48.8033193126
4 1.39288090127
6 3.00945168748
4 1.39288090127
18 24.2670932899
6 3.00945168748
6 3.00945168748
8 5.19841533668
5 2.1283498063
4 1.39288090127
8 5.19841533668
5 2.1283498063
5 2.1283498063
4 1.39288090127
6 3.00945168748
4 1.39288090127
3 0.806362613857
18 24.2670932899
5 2.1283498063
10 7.94328234724
5 2.1283498063
4 1.39288090127
5 2.1283498063
49 162.694380307
6 3.00945168748
7 4.03353914457
4 1.39288090127
7 4.03353914457
8 5.19841533668
4 1.39288090127
6 3.00945168748
5 2.1283498063
4 1.39288090127
7 4.03353914457
8 5.19841533668
4 1.39288090127
7 4.03353914457
11 9.52020065058
8 5.19841533668
13 13.0765256307
41 115.954959292
67 294.809941865
3 0.806362613857
9 6.50220665026
3 0.806362613857
3 0.806362613857
5 2.1283498063
8 5.19841533668
59 231.536157776
21 32.5249516771
5 2.1283498063
6 3.00945168748
5 2.1283498063
7 4.03353914457
6 3.00945168748
9 6.50220665026
7 4.03353914457
7 4.03353914457
6 3.00945168748
8 5.19841533668
7 4.03353914457
88 494.899570702
4 1.39288090127
8 5.19841533668
5 2.1283498063
3 0.806362613857
4 1.39288090127
30 64.0516591612
10 7.94328234724
4 1.39288090127
4 1.39288090127
9 6.50220665026
4 1.39288090127
10 7.94328234724
15 17.1622171301
11 9.52020065058
5 2.1283498063
9 6.50220665026
4 1.39288090127
10 7.94328234724
5 2.1283498063
4 1.39288090127
7 4.03353914457
4 1.39288090127
4 1.39288090127
4 1.39288090127
5 2.1283498063
4 1.39288090127
13 13.0765256307
5 2.1283498063
10 7.94328234724
6 3.00945168748
3 0.806362613857
4 1.39288090127
4 1.39288090127
5 2.1283498063
4 1.39288090127
10 7.94328234724
13 13.0765256307
3 0.806362613857
4 1.39288090127
6 3.00945168748
4 1.39288090127
6 3.00945168748
16 19.4011720513
4 1.39288090127
6 3.00945168748
3 0.806362613857
19 26.8925411482
4 1.39288090127
4 1.39288090127
18 24.2670932899
44 132.605056625
6 3.00945168748
5 2.1283498063
5 2.1283498063
13 13.0765256307
17 21.7697253833
4 1.39288090127
6 3.00945168748
7 4.03353914457
5 2.1283498063
6 3.00945168748
5 2.1283498063
18 24.2670932899
4 1.39288090127
7 4.03353914457
10 7.94328234724
13 13.0765256307
10 7.94328234724
4 1.39288090127
6 3.00945168748
5 2.1283498063
4 1.39288090127
5 2.1283498063
4 1.39288090127
19 26.8925411482
10 7.94328234724
3 0.806362613857
14 15.0537003781
4 1.39288090127
4 1.39288090127
17 21.7697253833
15 17.1622171301
3 0.806362613857
6 3.00945168748
5 2.1283498063
3 0.806362613857
6 3.00945168748
4 1.39288090127
3 0.806362613857
10 7.94328234724
5 2.1283498063
7 4.03353914457
5 2.1283498063
19 26.8925411482
5 2.1283498063
4 1.39288090127
9 6.50220665026
5 2.1283498063
7 4.03353914457
4 1.39288090127
5 2.1283498063
18 24.2670932899
5 2.1283498063
8 5.19841533668
6 3.00945168748
9 6.50220665026
6 3.00945168748
5 2.1283498063
4 1.39288090127
35 85.8478225705
5 2.1283498063
4 1.39288090127
12 11.2316708434
7 4.03353914457
4 1.39288090127
13 13.0765256307
9 6.50220665026
4 1.39288090127
6 3.00945168748
18 24.2670932899
8 5.19841533668
4 1.39288090127
6 3.00945168748
6 3.00945168748
4 1.39288090127
4 1.39288090127
4 1.39288090127
5 2.1283498063
4 1.39288090127
4 1.39288090127
4 1.39288090127
6 3.00945168748
7 4.03353914457
4 1.39288090127
13 13.0765256307
25 45.2987289799
4 1.39288090127
5 2.1283498063
7 4.03353914457
6 3.00945168748
4 1.39288090127
4 1.39288090127
16 19.4011720513
6 3.00945168748
8 5.19841533668
8 5.19841533668
4 1.39288090127
5 2.1283498063
4 1.39288090127
32 72.4077343935
4 1.39288090127
18 24.2670932899
20 29.6453779643
10 7.94328234724
4 1.39288090127
4 1.39288090127
4 1.39288090127
7 4.03353914457
15 17.1622171301
3 0.806362613857
7 4.03353914457
5 2.1283498063
4 1.39288090127
6 3.00945168748
3 0.806362613857
6 3.00945168748
7 4.03353914457
4 1.39288090127
3 0.806362613857
3 0.806362613857
12 11.2316708434
3 0.806362613857
4 1.39288090127
4 1.39288090127
5 2.1283498063
6 3.00945168748
9 6.50220665026
14 15.0537003781
7 4.03353914457
11 9.52020065058
4 1.39288090127
8 5.19841533668
5 2.1283498063
4 1.39288090127
3 0.806362613857
5 2.1283498063
8 5.19841533668
6 3.00945168748
4 1.39288090127
4 1.39288090127
65 278.314207933
7 4.03353914457
4 1.39288090127
7 4.03353914457
4 1.39288090127
8 5.19841533668
5 2.1283498063
4 1.39288090127
42 121.387411851
4 1.39288090127
12 11.2316708434
46 144.291211612
10 7.94328234724
8 5.19841533668
12 11.2316708434
4 1.39288090127
5 2.1283498063
17 21.7697253833
9 6.50220665026
8 5.19841533668
5 2.1283498063
10 7.94328234724
4 1.39288090127
4 1.39288090127
11 9.52020065058
4 1.39288090127
4 1.39288090127
4 1.39288090127
3 0.806362613857
4 1.39288090127
6 3.00945168748
3 0.806362613857
8 5.19841533668
5 2.1283498063
7 4.03353914457
9 6.50220665026
4 1.39288090127
4 1.39288090127
5 2.1283498063
8 5.19841533668
4 1.39288090127
3 0.806362613857
4 1.39288090127
3 0.806362613857
4 1.39288090127
5 2.1283498063
5 2.1283498063
19 26.8925411482
4 1.39288090127
4 1.39288090127
4 1.39288090127
6 3.00945168748
5 2.1283498063
3 0.806362613857
4 1.39288090127
4 1.39288090127
10 7.94328234724
64 270.235220126
8 5.19841533668
6 3.00945168748
97 595.4787871
8 5.19841533668
6 3.00945168748
9 6.50220665026
13 13.0765256307
5 2.1283498063
10 7.94328234724
6 3.00945168748
5 2.1283498063
4 1.39288090127
4 1.39288090127
3 0.806362613857
7 4.03353914457
5 2.1283498063
75 365.272015046
5 2.1283498063
4 1.39288090127
5 2.1283498063
20 29.6453779643
3 0.806362613857
5 2.1283498063
8 5.19841533668
4 1.39288090127
6 3.00945168748
6 3.00945168748
4 1.39288090127
4 1.39288090127
6 3.00945168748
8 5.19841533668
5 2.1283498063
4 1.39288090127
5 2.1283498063
9 6.50220665026
4 1.39288090127
5 2.1283498063
5 2.1283498063
15 17.1622171301
3 0.806362613857
6 3.00945168748
3 0.806362613857
15 17.1622171301
5 2.1283498063
4 1.39288090127
4 1.39288090127
4 1.39288090127
9 6.50220665026
31 68.1690463188
22 35.5306451722
40 110.640462749
9 6.50220665026
9 6.50220665026
3 0.806362613857
11 9.52020065058
13 13.0765256307
6 3.00945168748
6 3.00945168748
6 3.00945168748
3 0.806362613857
8 5.19841533668
28 56.1823963901
9 6.50220665026
4 1.39288090127
6 3.00945168748
5 2.1283498063
5 2.1283498063
4 1.39288090127
8 5.19841533668
4 1.39288090127
53 188.853114841
3 0.806362613857
5 2.1283498063
22 35.5306451722
4 1.39288090127
17 21.7697253833
5 2.1283498063
4 1.39288090127
4 1.39288090127
4 1.39288090127
12 11.2316708434
7 4.03353914457
9 6.50220665026
8 5.19841533668
5 2.1283498063
19 26.8925411482
4 1.39288090127
3 0.806362613857
3 0.806362613857
6 3.00945168748
6 3.00945168748
6 3.00945168748
76 374.58106952
5 2.1283498063
24 41.918077788
3 0.806362613857
4 1.39288090127
9 6.50220665026
4 1.39288090127
3 0.806362613857
3 0.806362613857
6 3.00945168748
9 6.50220665026
8 5.19841533668
7 4.03353914457
35 85.8478225705
8 5.19841533668
5 2.1283498063
34 81.2474879974
6 3.00945168748
3 0.806362613857
11 9.52020065058
4 1.39288090127
4 1.39288090127
4 1.39288090127
3 0.806362613857
5 2.1283498063
5 2.1283498063
4 1.39288090127
5 2.1283498063
4 1.39288090127
6 3.00945168748
3 0.806362613857
9 6.50220665026
5 2.1283498063
13 13.0765256307
14 15.0537003781
6 3.00945168748
4 1.39288090127
5 2.1283498063
33 76.7673388104
3 0.806362613857
4 1.39288090127
16 19.4011720513
8 5.19841533668
23 38.6618728707
4 1.39288090127
5 2.1283498063
4 1.39288090127
7 4.03353914457
4 1.39288090127
6 3.00945168748
7 4.03353914457
6 3.00945168748
35 85.8478225705
5 2.1283498063
12 11.2316708434
4 1.39288090127
5 2.1283498063
17 21.7697253833
4 1.39288090127
4 1.39288090127
3 0.806362613857
12 11.2316708434
4 1.39288090127
6 3.00945168748
3 0.806362613857
3 0.806362613857
25 45.2987289799
4 1.39288090127
14 15.0537003781
5 2.1283498063
12 11.2316708434
4 1.39288090127
5 2.1283498063
4 1.39288090127
4 1.39288090127
6 3.00945168748
4 1.39288090127
6 3.00945168748
8 5.19841533668
4 1.39288090127
7 4.03353914457
5 2.1283498063
6 3.00945168748
32 72.4077343935
5 2.1283498063
4 1.39288090127
6 3.00945168748
4 1.39288090127
4 1.39288090127
9 6.50220665026
6 3.00945168748
4 1.39288090127
11 9.52020065058
6 3.00945168748
5 2.1283498063
9 6.50220665026
8 5.19841533668
3 0.806362613857
7 4.03353914457
13 13.0765256307
5 2.1283498063
34 81.2474879974
3 0.806362613857
60 239.04924464
4 1.39288090127
15 17.1622171301
4 1.39288090127
5 2.1283498063
18 24.2670932899
4 1.39288090127
15 17.1622171301
8 5.19841533668
3 0.806362613857
27 52.4313635034
5 2.1283498063
9 6.50220665026
5 2.1283498063
5 2.1283498063
7 4.03353914457
11 9.52020065058
4 1.39288090127
4 1.39288090127
6 3.00945168748
4 1.39288090127
19 26.8925411482
4 1.39288090127
5 2.1283498063
4 1.39288090127
7 4.03353914457
13 13.0765256307
9 6.50220665026
4 1.39288090127
20 29.6453779643
4 1.39288090127
5 2.1283498063
5 2.1283498063
4 1.39288090127
6 3.00945168748
4 1.39288090127
5 2.1283498063
4 1.39288090127
4 1.39288090127
6 3.00945168748
4 1.39288090127
6 3.00945168748
5 2.1283498063
5 2.1283498063
5 2.1283498063
4 1.39288090127
6 3.00945168748
7 4.03353914457
10 7.94328234724
21 32.5249516771
6 3.00945168748
3 0.806362613857
3 0.806362613857
4 1.39288090127
4 1.39288090127
3 0.806362613857
6 3.00945168748
5 2.1283498063
7 4.03353914457
6 3.00945168748
16 19.4011720513
5 2.1283498063
6 3.00945168748
4 1.39288090127
3 0.806362613857
15 17.1622171301
5 2.1283498063
6 3.00945168748
3 0.806362613857
4 1.39288090127
3 0.806362613857
6 3.00945168748
4 1.39288090127
9 6.50220665026
10 7.94328234724
4 1.39288090127
4 1.39288090127
4 1.39288090127
5 2.1283498063
5 2.1283498063
5 2.1283498063
21 32.5249516771
5 2.1283498063
7 4.03353914457
4 1.39288090127
4 1.39288090127
5 2.1283498063
7 4.03353914457
7 4.03353914457
11 9.52020065058
5 2.1283498063
6 3.00945168748
33 76.7673388104
6 3.00945168748
8 5.19841533668
6 3.00945168748
9 6.50220665026
12 11.2316708434
5 2.1283498063
5 2.1283498063
4 1.39288090127
6 3.00945168748
16 19.4011720513
5 2.1283498063
5 2.1283498063
4 1.39288090127
26 48.8033193126
4 1.39288090127
5 2.1283498063
8 5.19841533668
3 0.806362613857
12 11.2316708434
5 2.1283498063
10 7.94328234724
5 2.1283498063
5 2.1283498063
4 1.39288090127
13 13.0765256307
21 32.5249516771
9 6.50220665026
4 1.39288090127
13 13.0765256307
6 3.00945168748
6 3.00945168748
17 21.7697253833
10 7.94328234724
7 4.03353914457
4 1.39288090127
5 2.1283498063
5 2.1283498063
4 1.39288090127
8 5.19841533668
19 26.8925411482
5 2.1283498063
5 2.1283498063
103 667.406953226
6 3.00945168748
6 3.00945168748
4 1.39288090127
12 11.2316708434
5 2.1283498063
4 1.39288090127
11 9.52020065058
9 6.50220665026
4 1.39288090127
5 2.1283498063
13 13.0765256307
4 1.39288090127
15 17.1622171301
5 2.1283498063
9 6.50220665026
4 1.39288090127
4 1.39288090127
4 1.39288090127
23 38.6618728707
4 1.39288090127
3 0.806362613857
5 2.1283498063
8 5.19841533668
18 24.2670932899
7 4.03353914457
5 2.1283498063
8 5.19841533668
3 0.806362613857
14 15.0537003781
5 2.1283498063
64 270.235220126
4 1.39288090127
3 0.806362613857
11 9.52020065058
4 1.39288090127
11 9.52020065058
4 1.39288090127
15 17.1622171301
7 4.03353914457
4 1.39288090127
5 2.1283498063
21 32.5249516771
5 2.1283498063
5 2.1283498063
19 26.8925411482
9 6.50220665026
4 1.39288090127
5 2.1283498063
5 2.1283498063
7 4.03353914457
5 2.1283498063
6 3.00945168748
4 1.39288090127
37 95.4076668978
3 0.806362613857
4 1.39288090127
9 6.50220665026
4 1.39288090127
3 0.806362613857
24 41.918077788
4 1.39288090127
6 3.00945168748
4 1.39288090127
6 3.00945168748
3 0.806362613857
4 1.39288090127
4 1.39288090127
4 1.39288090127
16 19.4011720513
17 21.7697253833
5 2.1283498063
6 3.00945168748
4 1.39288090127
3 0.806362613857
4 1.39288090127
4 1.39288090127
6 3.00945168748
4 1.39288090127
4 1.39288090127
5 2.1283498063
16 19.4011720513
4 1.39288090127
7 4.03353914457
30 64.0516591612
4 1.39288090127
4 1.39288090127
4 1.39288090127
4 1.39288090127
5 2.1283498063
4 1.39288090127
5 2.1283498063
11 9.52020065058
7 4.03353914457
6 3.00945168748
5 2.1283498063
4 1.39288090127
4 1.39288090127
4 1.39288090127
4 1.39288090127
17 21.7697253833
3 0.806362613857
5 2.1283498063
8 5.19841533668
7 4.03353914457
5 2.1283498063
3 0.806362613857
5 2.1283498063
3 0.806362613857
7 4.03353914457
7 4.03353914457
9 6.50220665026
4 1.39288090127
3 0.806362613857
5 2.1283498063
5 2.1283498063
5 2.1283498063
5 2.1283498063
8 5.19841533668
4 1.39288090127
14 15.0537003781
4 1.39288090127
16 19.4011720513
6 3.00945168748
15 17.1622171301
4 1.39288090127
11 9.52020065058
6 3.00945168748
6 3.00945168748
10 7.94328234724
4 1.39288090127
3 0.806362613857
71 329.147728699
4 1.39288090127
5 2.1283498063
9 6.50220665026
13 13.0765256307
5 2.1283498063
4 1.39288090127
4 1.39288090127
11 9.52020065058
22 35.5306451722
4 1.39288090127
10 7.94328234724
5 2.1283498063
14 15.0537003781
5 2.1283498063
17 21.7697253833
3 0.806362613857
4 1.39288090127
4 1.39288090127
5 2.1283498063
5 2.1283498063
4 1.39288090127
7 4.03353914457
4 1.39288090127
6 3.00945168748
5 2.1283498063
4 1.39288090127
4 1.39288090127
25 45.2987289799
3 0.806362613857
6 3.00945168748
14 15.0537003781
3 0.806362613857
11 9.52020065058
3 0.806362613857
13 13.0765256307
5 2.1283498063
3 0.806362613857
5 2.1283498063
4 1.39288090127
4 1.39288090127
36 90.5679945928
3 0.806362613857
5 2.1283498063
12 11.2316708434
10 7.94328234724
4 1.39288090127
3 0.806362613857
20 29.6453779643
13 13.0765256307
10 7.94328234724
4 1.39288090127
5 2.1283498063
3 0.806362613857
3 0.806362613857
3 0.806362613857
36 90.5679945928
14 15.0537003781
13 13.0765256307
17 21.7697253833
4 1.39288090127
5 2.1283498063
4 1.39288090127
4 1.39288090127
5 2.1283498063
4 1.39288090127
6 3.00945168748
4 1.39288090127
4 1.39288090127
4 1.39288090127
9 6.50220665026
4 1.39288090127
4 1.39288090127
19 26.8925411482
9 6.50220665026
4 1.39288090127
6 3.00945168748
7 4.03353914457
28 56.1823963901
3 0.806362613857
4 1.39288090127
4 1.39288090127
4 1.39288090127
7 4.03353914457
8 5.19841533668
11 9.52020065058
4 1.39288090127
4 1.39288090127
29 60.0559713959
18 24.2670932899
29 60.0559713959
5 2.1283498063
3 0.806362613857
3 0.806362613857
5 2.1283498063
4 1.39288090127
12 11.2316708434
32 72.4077343935
4 1.39288090127
16 19.4011720513
4 1.39288090127
4 1.39288090127
3 0.806362613857
20 29.6453779643
6 3.00945168748
22 35.5306451722
5 2.1283498063
4 1.39288090127
11 9.52020065058
13 13.0765256307
50 169.060834452
9 6.50220665026
6 3.00945168748
7 4.03353914457
4 1.39288090127
23 38.6618728707
4 1.39288090127
5 2.1283498063
4 1.39288090127
4 1.39288090127
5 2.1283498063
4 1.39288090127
6 3.00945168748
8 5.19841533668
5 2.1283498063
4 1.39288090127
4 1.39288090127
4 1.39288090127
7 4.03353914457
6 3.00945168748
5 2.1283498063
9 6.50220665026
4 1.39288090127
4 1.39288090127
8 5.19841533668
7 4.03353914457
5 2.1283498063
4 1.39288090127
4 1.39288090127
4 1.39288090127
5 2.1283498063
3 0.806362613857
11 9.52020065058
4 1.39288090127
5 2.1283498063
6 3.00945168748
5 2.1283498063
3 0.806362613857
73 346.987183875
5 2.1283498063
4 1.39288090127
12 11.2316708434
9 6.50220665026
10 7.94328234724
14 15.0537003781
4 1.39288090127
5 2.1283498063
4 1.39288090127
5 2.1283498063
11 9.52020065058
6 3.00945168748
4 1.39288090127
8 5.19841533668
5 2.1283498063
12 11.2316708434
7 4.03353914457
4 1.39288090127
107 717.51201453
12 11.2316708434
4 1.39288090127
8 5.19841533668
5 2.1283498063
18 24.2670932899
4 1.39288090127
16 19.4011720513
6 3.00945168748
5 2.1283498063
4 1.39288090127
4 1.39288090127
4 1.39288090127
3 0.806362613857
6 3.00945168748
4 1.39288090127
5 2.1283498063
10 7.94328234724
4 1.39288090127
5 2.1283498063
4 1.39288090127
5 2.1283498063
37 95.4076668978
19 26.8925411482
11 9.52020065058
5 2.1283498063
4 1.39288090127
6 3.00945168748
5 2.1283498063
16 19.4011720513
23 38.6618728707
6 3.00945168748
6 3.00945168748
11 9.52020065058
3 0.806362613857
7 4.03353914457
7 4.03353914457
5 2.1283498063
4 1.39288090127
4 1.39288090127
7 4.03353914457
4 1.39288090127
4 1.39288090127
12 11.2316708434
26 48.8033193126
3 0.806362613857
9 6.50220665026
5 2.1283498063
4 1.39288090127
5 2.1283498063
5 2.1283498063
4 1.39288090127
3 0.806362613857
8 5.19841533668
5 2.1283498063
7 4.03353914457
50 169.060834452
6 3.00945168748
5 2.1283498063
13 13.0765256307
25 45.2987289799
6 3.00945168748
6 3.00945168748
4 1.39288090127
12 11.2316708434
12 11.2316708434
4 1.39288090127
6 3.00945168748
3 0.806362613857
4 1.39288090127
4 1.39288090127
4 1.39288090127
3 0.806362613857
65 278.314207933
10 7.94328234724
4 1.39288090127
12 11.2316708434
8 5.19841533668
7 4.03353914457
8 5.19841533668
3 0.806362613857
5 2.1283498063
4 1.39288090127
5 2.1283498063
4 1.39288090127
11 9.52020065058
4 1.39288090127
7 4.03353914457
7 4.03353914457
9 6.50220665026
9 6.50220665026
3 0.806362613857
10 7.94328234724
3 0.806362613857
5 2.1283498063
5 2.1283498063
15 17.1622171301
8 5.19841533668
5 2.1283498063
12 11.2316708434
5 2.1283498063
8 5.19841533668
10 7.94328234724
5 2.1283498063
3 0.806362613857
8 5.19841533668
3 0.806362613857
4 1.39288090127
460 11461.4583406
5 2.1283498063
82 432.759210209
5 2.1283498063
6 3.00945168748
5 2.1283498063
5 2.1283498063
14 15.0537003781
5 2.1283498063
4 1.39288090127
5 2.1283498063
9 6.50220665026
5 2.1283498063
5 2.1283498063
5 2.1283498063
3 0.806362613857
6 3.00945168748
10 7.94328234724
8 5.19841533668
4 1.39288090127
13 13.0765256307
11 9.52020065058
4 1.39288090127
4 1.39288090127
4 1.39288090127
6 3.00945168748
9 6.50220665026
5 2.1283498063
11 9.52020065058
4 1.39288090127
4 1.39288090127
4 1.39288090127
5 2.1283498063
4 1.39288090127
3 0.806362613857
4 1.39288090127
7 4.03353914457
6 3.00945168748
16 19.4011720513
6 3.00945168748
59 231.536157776
4 1.39288090127
4 1.39288090127
6 3.00945168748
15 17.1622171301
4 1.39288090127
6 3.00945168748
4 1.39288090127
27 52.4313635034
24 41.918077788
38 100.36651247
4 1.39288090127
10 7.94328234724
3 0.806362613857
4 1.39288090127
3 0.806362613857
8 5.19841533668
11 9.52020065058
5 2.1283498063
6 3.00945168748
7 4.03353914457
11 9.52020065058
5 2.1283498063
31 68.1690463188
9 6.50220665026
11 9.52020065058
9 6.50220665026
5 2.1283498063
19 26.8925411482
8 5.19841533668
8 5.19841533668
4 1.39288090127
5 2.1283498063
5 2.1283498063
4 1.39288090127
6 3.00945168748
11 9.52020065058
44 132.605056625
7 4.03353914457
18 24.2670932899
4 1.39288090127
4 1.39288090127
7 4.03353914457
5 2.1283498063
4 1.39288090127
6 3.00945168748
8 5.19841533668
4 1.39288090127
15 17.1622171301
4 1.39288090127
5 2.1283498063
10 7.94328234724
6 3.00945168748
5 2.1283498063
4 1.39288090127
11 9.52020065058
7 4.03353914457
4 1.39288090127
4 1.39288090127
28 56.1823963901
4 1.39288090127
6 3.00945168748
10 7.94328234724
4 1.39288090127
6 3.00945168748
3 0.806362613857
5 2.1283498063
7 4.03353914457
4 1.39288090127
8 5.19841533668
4 1.39288090127
7 4.03353914457
4 1.39288090127
3 0.806362613857
8 5.19841533668
13 13.0765256307
4 1.39288090127
9 6.50220665026
3 0.806362613857
9 6.50220665026
10 7.94328234724
5 2.1283498063
6 3.00945168748
9 6.50220665026
3 0.806362613857
3 0.806362613857
15 17.1622171301
14 15.0537003781
6 3.00945168748
5 2.1283498063
6 3.00945168748
7 4.03353914457
5 2.1283498063
6 3.00945168748
7 4.03353914457
9 6.50220665026
6 3.00945168748
25 45.2987289799
5 2.1283498063
9 6.50220665026
10 7.94328234724
7 4.03353914457
7 4.03353914457
4 1.39288090127
5 2.1283498063
11 9.52020065058
4 1.39288090127
4 1.39288090127
5 2.1283498063
8 5.19841533668
4 1.39288090127
6 3.00945168748
3 0.806362613857
28 56.1823963901
4 1.39288090127
4 1.39288090127
7 4.03353914457
6 3.00945168748
15 17.1622171301
5 2.1283498063
5 2.1283498063
11 9.52020065058
4 1.39288090127
8 5.19841533668
7 4.03353914457
3 0.806362613857
5 2.1283498063
5 2.1283498063
8 5.19841533668
3 0.806362613857
19 26.8925411482
5 2.1283498063
5 2.1283498063
4 1.39288090127
4 1.39288090127
7 4.03353914457
4 1.39288090127
4 1.39288090127
3 0.806362613857
9 6.50220665026
5 2.1283498063
3 0.806362613857
7 4.03353914457
12 11.2316708434
3 0.806362613857
4 1.39288090127
8 5.19841533668
3 0.806362613857
5 2.1283498063
12 11.2316708434
3 0.806362613857
4 1.39288090127
6 3.00945168748
4 1.39288090127
4 1.39288090127
4 1.39288090127
3 0.806362613857
28 56.1823963901
7 4.03353914457
3 0.806362613857
5 2.1283498063
4 1.39288090127
5 2.1283498063
6 3.00945168748
10 7.94328234724
9 6.50220665026
38 100.36651247
10 7.94328234724
50 169.060834452
4 1.39288090127
4 1.39288090127
37 95.4076668978
7 4.03353914457
4 1.39288090127
5 2.1283498063
4 1.39288090127
5 2.1283498063
4 1.39288090127
11 9.52020065058
3 0.806362613857
21 32.5249516771
13 13.0765256307
23 38.6618728707
4 1.39288090127
4 1.39288090127
5 2.1283498063
4 1.39288090127
9 6.50220665026
45 138.389702646
4 1.39288090127
5 2.1283498063
5 2.1283498063
4 1.39288090127
6 3.00945168748
6 3.00945168748
14 15.0537003781
4 1.39288090127
4 1.39288090127
8 5.19841533668
5 2.1283498063
5 2.1283498063
3 0.806362613857
6 3.00945168748
28 56.1823963901
4 1.39288090127
4 1.39288090127
4 1.39288090127
23 38.6618728707
21 32.5249516771
7 4.03353914457
7 4.03353914457
12 11.2316708434
4 1.39288090127
3 0.806362613857
8 5.19841533668
6 3.00945168748
4 1.39288090127
3 0.806362613857
7 4.03353914457
15 17.1622171301
4 1.39288090127
9 6.50220665026
34 81.2474879974
5 2.1283498063
5 2.1283498063
18 24.2670932899
24 41.918077788
4 1.39288090127
10 7.94328234724
26 48.8033193126
8 5.19841533668
602 19108.796411
6 3.00945168748
3 0.806362613857
4 1.39288090127
9 6.50220665026
9 6.50220665026
8 5.19841533668
4 1.39288090127
4 1.39288090127
6 3.00945168748
8 5.19841533668
5 2.1283498063
7 4.03353914457
4 1.39288090127
6 3.00945168748
15 17.1622171301
6 3.00945168748
6 3.00945168748
15 17.1622171301
10 7.94328234724
7 4.03353914457
6 3.00945168748
3 0.806362613857
10 7.94328234724
5 2.1283498063
7 4.03353914457
3 0.806362613857
6 3.00945168748
8 5.19841533668
5 2.1283498063
6 3.00945168748
7 4.03353914457
5 2.1283498063
5 2.1283498063
7 4.03353914457
4 1.39288090127
4 1.39288090127
5 2.1283498063
56 209.680117502
5 2.1283498063
4 1.39288090127
11 9.52020065058
4 1.39288090127
7 4.03353914457
6 3.00945168748
80 412.924807775
4 1.39288090127
19 26.8925411482
3 0.806362613857
8 5.19841533668
6 3.00945168748
10 7.94328234724
50 169.060834452
4 1.39288090127
4 1.39288090127
6 3.00945168748
10 7.94328234724
7 4.03353914457
5 2.1283498063
5 2.1283498063
3 0.806362613857
6 3.00945168748
5 2.1283498063
31 68.1690463188
5 2.1283498063
3 0.806362613857
3 0.806362613857
3 0.806362613857
3 0.806362613857
5 2.1283498063
11 9.52020065058
51 175.54292663
5 2.1283498063
5 2.1283498063
5 2.1283498063
4 1.39288090127
12 11.2316708434
13 13.0765256307
28 56.1823963901
4 1.39288090127
9 6.50220665026
27 52.4313635034
11 9.52020065058
4 1.39288090127
4 1.39288090127
3 0.806362613857
8 5.19841533668
4 1.39288090127
10 7.94328234724
5 2.1283498063
10 7.94328234724
5 2.1283498063
12 11.2316708434
9 6.50220665026
10 7.94328234724
5 2.1283498063
4 1.39288090127
22 35.5306451722
5 2.1283498063
9 6.50220665026
4 1.39288090127
5 2.1283498063
20 29.6453779643
5 2.1283498063
4 1.39288090127
13 13.0765256307
6 3.00945168748
3 0.806362613857
5 2.1283498063
3 0.806362613857
16 19.4011720513
6 3.00945168748
4 1.39288090127
16 19.4011720513
16 19.4011720513
9 6.50220665026
23 38.6618728707
4 1.39288090127
52 182.140428061
4 1.39288090127
6 3.00945168748
14 15.0537003781
3 0.806362613857
7 4.03353914457
4 1.39288090127
7 4.03353914457
14 15.0537003781
5 2.1283498063
4 1.39288090127
3 0.806362613857
7 4.03353914457
10 7.94328234724
18 24.2670932899
12 11.2316708434
29 60.0559713959
5 2.1283498063
181 1948.00152374
5 2.1283498063
29 60.0559713959
12 11.2316708434
7 4.03353914457
8 5.19841533668
5 2.1283498063
4 1.39288090127
8 5.19841533668
4 1.39288090127
81 422.786913227
3 0.806362613857
3 0.806362613857
4 1.39288090127
4 1.39288090127
4 1.39288090127
30 64.0516591612
8 5.19841533668
34 81.2474879974
4 1.39288090127
7 4.03353914457
6 3.00945168748
14 15.0537003781
8 5.19841533668
4 1.39288090127
47 150.30932693
5 2.1283498063
9 6.50220665026
14 15.0537003781
6 3.00945168748
4 1.39288090127
7 4.03353914457
8 5.19841533668
9 6.50220665026
5 2.1283498063
13 13.0765256307
5 2.1283498063
4 1.39288090127
4 1.39288090127
151 1380.56290472
6 3.00945168748
5 2.1283498063
6 3.00945168748
21 32.5249516771
3 0.806362613857
5 2.1283498063
5 2.1283498063
23 38.6618728707
5 2.1283498063
3 0.806362613857
4 1.39288090127
7 4.03353914457
4 1.39288090127
4 1.39288090127
4 1.39288090127
6 3.00945168748
8 5.19841533668
3 0.806362613857
8 5.19841533668
18 24.2670932899
22 35.5306451722
39 105.444213878
7 4.03353914457
3 0.806362613857
9 6.50220665026
11 9.52020065058
4 1.39288090127
5 2.1283498063
10 7.94328234724
6 3.00945168748
9 6.50220665026
4 1.39288090127
15 17.1622171301
6 3.00945168748
3 0.806362613857
3 0.806362613857
9 6.50220665026
3 0.806362613857
35 85.8478225705
4 1.39288090127
11 9.52020065058
4 1.39288090127
5 2.1283498063
6 3.00945168748
4 1.39288090127
4 1.39288090127
3 0.806362613857
5 2.1283498063
13 13.0765256307
4 1.39288090127
10 7.94328234724
3 0.806362613857
6 3.00945168748
5 2.1283498063
4 1.39288090127
5 2.1283498063
8 5.19841533668
3 0.806362613857
4 1.39288090127
4 1.39288090127
4 1.39288090127
4 1.39288090127
7 4.03353914457
9 6.50220665026
7 4.03353914457
5 2.1283498063
3 0.806362613857
5 2.1283498063
19 26.8925411482
12 11.2316708434
5 2.1283498063
4 1.39288090127
5 2.1283498063
4 1.39288090127
20 29.6453779643
6 3.00945168748
7 4.03353914457
8 5.19841533668
8 5.19841533668
10 7.94328234724
65 278.314207933
6 3.00945168748
6 3.00945168748
6 3.00945168748
3 0.806362613857
9 6.50220665026
10 7.94328234724
43 126.937536492
4 1.39288090127
4 1.39288090127
4 1.39288090127
8 5.19841533668
7 4.03353914457
30 64.0516591612
8 5.19841533668
3 0.806362613857
4 1.39288090127
5 2.1283498063
9 6.50220665026
4 1.39288090127
4 1.39288090127
5 2.1283498063
4 1.39288090127
4 1.39288090127
4 1.39288090127
9 6.50220665026
4 1.39288090127
10 7.94328234724
4 1.39288090127
4 1.39288090127
5 2.1283498063
4 1.39288090127
31 68.1690463188
3 0.806362613857
4 1.39288090127
11 9.52020065058
4 1.39288090127
4 1.39288090127
5 2.1283498063
6 3.00945168748
14 15.0537003781
33 76.7673388104
6 3.00945168748
15 17.1622171301
4 1.39288090127
7 4.03353914457
4 1.39288090127
4 1.39288090127
4 1.39288090127
11 9.52020065058
4 1.39288090127
6 3.00945168748
4 1.39288090127
4 1.39288090127
11 9.52020065058
6 3.00945168748
11 9.52020065058
4 1.39288090127
3 0.806362613857
8 5.19841533668
32 72.4077343935
13 13.0765256307
9 6.50220665026
12 11.2316708434
6 3.00945168748
16 19.4011720513
10 7.94328234724
5 2.1283498063
14 15.0537003781
10 7.94328234724
6 3.00945168748
7 4.03353914457
6 3.00945168748
12 11.2316708434
3 0.806362613857
4 1.39288090127
5 2.1283498063
4 1.39288090127
5 2.1283498063
20 29.6453779643
11 9.52020065058
10 7.94328234724
4 1.39288090127
9 6.50220665026
9 6.50220665026
4 1.39288090127
4 1.39288090127
12 11.2316708434
4 1.39288090127
4 1.39288090127
8 5.19841533668
6 3.00945168748
9 6.50220665026
4 1.39288090127
6 3.00945168748
6 3.00945168748
13 13.0765256307
4 1.39288090127
19 26.8925411482
4 1.39288090127
248 3543.71015871
149 1346.0274292
10 7.94328234724
6 3.00945168748
5 2.1283498063
70 320.395402839
6 3.00945168748
4 1.39288090127
4 1.39288090127
3 0.806362613857
4 1.39288090127
5 2.1283498063
4 1.39288090127
7 4.03353914457
4 1.39288090127
9 6.50220665026
4 1.39288090127
15 17.1622171301
14 15.0537003781
21 32.5249516771
9 6.50220665026
3 0.806362613857
4 1.39288090127
4 1.39288090127
6 3.00945168748
4 1.39288090127
4 1.39288090127
22 35.5306451722
4 1.39288090127
4 1.39288090127
5 2.1283498063
10 7.94328234724
13 13.0765256307
4 1.39288090127
3 0.806362613857
3 0.806362613857
4 1.39288090127
14 15.0537003781
4 1.39288090127
7 4.03353914457
40 110.640462749
4 1.39288090127
6 3.00945168748
29 60.0559713959
17 21.7697253833
6 3.00945168748
10 7.94328234724
8 5.19841533668
5 2.1283498063
8 5.19841533668
22 35.5306451722
4 1.39288090127
6 3.00945168748
6 3.00945168748
23 38.6618728707
4 1.39288090127
8 5.19841533668
7 4.03353914457
10 7.94328234724
4 1.39288090127
8 5.19841533668
4 1.39288090127
14 15.0537003781
5 2.1283498063
6 3.00945168748
6 3.00945168748
10 7.94328234724
24 41.918077788
4 1.39288090127
3 0.806362613857
5 2.1283498063
5 2.1283498063
5 2.1283498063
16 19.4011720513
4 1.39288090127
5 2.1283498063
10 7.94328234724
10 7.94328234724
4 1.39288090127
6 3.00945168748
4 1.39288090127
8 5.19841533668
17 21.7697253833
9 6.50220665026
9 6.50220665026
4 1.39288090127
8 5.19841533668
4 1.39288090127
3 0.806362613857
5 2.1283498063
7 4.03353914457
7 4.03353914457
7 4.03353914457
5 2.1283498063
10 7.94328234724
9 6.50220665026
33 76.7673388104
6 3.00945168748
3 0.806362613857
5 2.1283498063
8 5.19841533668
15 17.1622171301
6 3.00945168748
8 5.19841533668
4 1.39288090127
4 1.39288090127
4 1.39288090127
4 1.39288090127
6 3.00945168748
4 1.39288090127
7 4.03353914457
5 2.1283498063
11 9.52020065058
63 262.269050499
8 5.19841533668
14 15.0537003781
4 1.39288090127
4 1.39288090127
5 2.1283498063
3 0.806362613857
4 1.39288090127
3 0.806362613857
5 2.1283498063
32 72.4077343935
5 2.1283498063
4 1.39288090127
4 1.39288090127
3 0.806362613857
5 2.1283498063
3 0.806362613857
7 4.03353914457
4 1.39288090127
99 619.02311982
6 3.00945168748
10 7.94328234724
4 1.39288090127
5 2.1283498063
5 2.1283498063
11 9.52020065058
7 4.03353914457
10 7.94328234724
4 1.39288090127
8 5.19841533668
8 5.19841533668
12 11.2316708434
6 3.00945168748
11 9.52020065058
12 11.2316708434
3 0.806362613857
6 3.00945168748
7 4.03353914457
11 9.52020065058
4 1.39288090127
3 0.806362613857
4 1.39288090127
8 5.19841533668
4 1.39288090127
4 1.39288090127
3 0.806362613857
16 19.4011720513
3 0.806362613857
3 0.806362613857
4 1.39288090127
5 2.1283498063
19 26.8925411482
3 0.806362613857
8 5.19841533668
26 48.8033193126
7 4.03353914457
5 2.1283498063
4 1.39288090127
10 7.94328234724
3 0.806362613857
7 4.03353914457
9 6.50220665026
7 4.03353914457
6 3.00945168748
295 4927.89936554
3 0.806362613857
13 13.0765256307
9 6.50220665026
4 1.39288090127
7 4.03353914457
4 1.39288090127
7 4.03353914457
7 4.03353914457
3 0.806362613857
3 0.806362613857
5 2.1283498063
23 38.6618728707
13 13.0765256307
8 5.19841533668
9 6.50220665026
4 1.39288090127
6 3.00945168748
5 2.1283498063
14 15.0537003781
48 156.443798072
4 1.39288090127
9 6.50220665026
7 4.03353914457
4 1.39288090127
14 15.0537003781
5 2.1283498063
5 2.1283498063
8 5.19841533668
4 1.39288090127
7 4.03353914457
11 9.52020065058
8 5.19841533668
5 2.1283498063
3 0.806362613857
4 1.39288090127
31 68.1690463188
4 1.39288090127
3 0.806362613857
6 3.00945168748
4 1.39288090127
3 0.806362613857
4 1.39288090127
4 1.39288090127
6 3.00945168748
4 1.39288090127
25 45.2987289799
8 5.19841533668
8 5.19841533668
7 4.03353914457
3 0.806362613857
5 2.1283498063
4 1.39288090127
4 1.39288090127
4 1.39288090127
8 5.19841533668
4 1.39288090127
4 1.39288090127
11 9.52020065058
4 1.39288090127
5 2.1283498063
28 56.1823963901
8 5.19841533668
4 1.39288090127
5 2.1283498063
5 2.1283498063
15 17.1622171301
4 1.39288090127
4 1.39288090127
4 1.39288090127
11 9.52020065058
23 38.6618728707
7 4.03353914457
3 0.806362613857
4 1.39288090127
6 3.00945168748
7 4.03353914457
5 2.1283498063
4 1.39288090127
4 1.39288090127
3 0.806362613857
3 0.806362613857
6 3.00945168748
5 2.1283498063
11 9.52020065058
5 2.1283498063
4 1.39288090127
5 2.1283498063
3 0.806362613857
5 2.1283498063
8 5.19841533668
5 2.1283498063
13 13.0765256307
4 1.39288090127
4 1.39288090127
4 1.39288090127
6 3.00945168748
4 1.39288090127
4 1.39288090127
15 17.1622171301
8 5.19841533668
3 0.806362613857
6 3.00945168748
3 0.806362613857
5 2.1283498063
18 24.2670932899
4 1.39288090127
5 2.1283498063
5 2.1283498063
3 0.806362613857
4 1.39288090127
8 5.19841533668
7 4.03353914457
6 3.00945168748
4 1.39288090127
64 270.235220126
4 1.39288090127
5 2.1283498063
18 24.2670932899
10 7.94328234724
4 1.39288090127
62 254.415876868
6 3.00945168748
4 1.39288090127
24 41.918077788
3 0.806362613857
11 9.52020065058
6 3.00945168748
15 17.1622171301
4 1.39288090127
3 0.806362613857
4 1.39288090127
4 1.39288090127
6 3.00945168748
3 0.806362613857
5 2.1283498063
3 0.806362613857
17 21.7697253833
9 6.50220665026
4 1.39288090127
4 1.39288090127
5 2.1283498063
3 0.806362613857
5 2.1283498063
6 3.00945168748
4 1.39288090127
11 9.52020065058
4 1.39288090127
6 3.00945168748
4 1.39288090127
7 4.03353914457
7 4.03353914457
5 2.1283498063
8 5.19841533668
3 0.806362613857
4 1.39288090127
8 5.19841533668
5 2.1283498063
5 2.1283498063
13 13.0765256307
3 0.806362613857
16 19.4011720513
7 4.03353914457
5 2.1283498063
3 0.806362613857
6 3.00945168748
4 1.39288090127
8 5.19841533668
6 3.00945168748
5 2.1283498063
4 1.39288090127
5 2.1283498063
6 3.00945168748
4 1.39288090127
12 11.2316708434
7 4.03353914457
4 1.39288090127
4 1.39288090127
3 0.806362613857
5 2.1283498063
5 2.1283498063
6 3.00945168748
5 2.1283498063
3 0.806362613857
5 2.1283498063
11 9.52020065058
3 0.806362613857
4 1.39288090127
9 6.50220665026
189 2114.83957094
4 1.39288090127
5 2.1283498063
7 4.03353914457
4 1.39288090127
13 13.0765256307
7 4.03353914457
13 13.0765256307
6 3.00945168748
4 1.39288090127
14 15.0537003781
3 0.806362613857
129 1023.57683723
3 0.806362613857
4 1.39288090127
8 5.19841533668
13 13.0765256307
5 2.1283498063
8 5.19841533668
7 4.03353914457
5 2.1283498063
7 4.03353914457
5 2.1283498063
12 11.2316708434
5 2.1283498063
4 1.39288090127
5 2.1283498063
4 1.39288090127
8 5.19841533668
8 5.19841533668
27 52.4313635034
6 3.00945168748
7 4.03353914457
3 0.806362613857
4 1.39288090127
7 4.03353914457
4 1.39288090127
11 9.52020065058
8 5.19841533668
20 29.6453779643
4 1.39288090127
7 4.03353914457
4 1.39288090127
5 2.1283498063
12 11.2316708434
3 0.806362613857
11 9.52020065058
10 7.94328234724
5 2.1283498063
3 0.806362613857
3 0.806362613857
3 0.806362613857
13 13.0765256307
6 3.00945168748
8 5.19841533668
5 2.1283498063
5 2.1283498063
4 1.39288090127
5 2.1283498063
33 76.7673388104
3 0.806362613857
7 4.03353914457
4 1.39288090127
5 2.1283498063
4 1.39288090127
4 1.39288090127
5 2.1283498063
11 9.52020065058
7 4.03353914457
4 1.39288090127
4 1.39288090127
4 1.39288090127
30 64.0516591612
8 5.19841533668
5 2.1283498063
4 1.39288090127
11 9.52020065058
3 0.806362613857
4 1.39288090127
3 0.806362613857
6 3.00945168748
4 1.39288090127
4 1.39288090127
35 85.8478225705
3 0.806362613857
4 1.39288090127
5 2.1283498063
8 5.19841533668
9 6.50220665026
12 11.2316708434
4 1.39288090127
9 6.50220665026
4 1.39288090127
8 5.19841533668
4 1.39288090127
5 2.1283498063
7 4.03353914457
10 7.94328234724
4 1.39288090127
4 1.39288090127
14 15.0537003781
4 1.39288090127
4 1.39288090127
73 346.987183875
4 1.39288090127
13 13.0765256307
5 2.1283498063
5 2.1283498063
6 3.00945168748
10 7.94328234724
4 1.39288090127
8 5.19841533668
5 2.1283498063
32 72.4077343935
17 21.7697253833
4 1.39288090127
4 1.39288090127
4 1.39288090127
6 3.00945168748
12 11.2316708434
13 13.0765256307
6 3.00945168748
5 2.1283498063
4 1.39288090127
6 3.00945168748
7 4.03353914457
4 1.39288090127
4 1.39288090127
11 9.52020065058
4 1.39288090127
3 0.806362613857
10 7.94328234724
3 0.806362613857
3 0.806362613857
5 2.1283498063
6 3.00945168748
5 2.1283498063
8 5.19841533668
4 1.39288090127
6 3.00945168748
6 3.00945168748
6 3.00945168748
8 5.19841533668
3 0.806362613857
7 4.03353914457
5 2.1283498063
4 1.39288090127
4 1.39288090127
4 1.39288090127
11 9.52020065058
3 0.806362613857
4 1.39288090127
9 6.50220665026
4 1.39288090127
4 1.39288090127
9 6.50220665026
9 6.50220665026
26 48.8033193126
16 19.4011720513
15 17.1622171301
4 1.39288090127
4 1.39288090127
4 1.39288090127
13 13.0765256307
8 5.19841533668
4 1.39288090127
4 1.39288090127
6 3.00945168748
9 6.50220665026
4 1.39288090127
4 1.39288090127
3 0.806362613857
6 3.00945168748
12 11.2316708434
13 13.0765256307
40 110.640462749
5 2.1283498063
6 3.00945168748
4 1.39288090127
6 3.00945168748
5 2.1283498063
5 2.1283498063
8 5.19841533668
12 11.2316708434
29 60.0559713959
4 1.39288090127
5 2.1283498063
4 1.39288090127
33 76.7673388104
5 2.1283498063
5 2.1283498063
4 1.39288090127
6 3.00945168748
6 3.00945168748
11 9.52020065058
5 2.1283498063
8 5.19841533668
6 3.00945168748
3 0.806362613857
11 9.52020065058
6 3.00945168748
11 9.52020065058
5 2.1283498063
7 4.03353914457
13 13.0765256307
21 32.5249516771
13 13.0765256307
8 5.19841533668
10 7.94328234724
4 1.39288090127
4 1.39288090127
4 1.39288090127
5 2.1283498063
4 1.39288090127
5 2.1283498063
4 1.39288090127
4 1.39288090127
13 13.0765256307
12 11.2316708434
7 4.03353914457
3 0.806362613857
4 1.39288090127
14 15.0537003781
7 4.03353914457
4 1.39288090127
6 3.00945168748
4 1.39288090127
98 607.196897458
4 1.39288090127
21 32.5249516771
12 11.2316708434
6 3.00945168748
4 1.39288090127
5 2.1283498063
5 2.1283498063
4 1.39288090127
3 0.806362613857
12 11.2316708434
4 1.39288090127
7 4.03353914457
6 3.00945168748
6 3.00945168748
4 1.39288090127
3 0.806362613857
9 6.50220665026
5 2.1283498063
5 2.1283498063
4 1.39288090127
4 1.39288090127
6 3.00945168748
37 95.4076668978
6 3.00945168748
8 5.19841533668
8 5.19841533668
8 5.19841533668
11 9.52020065058
5 2.1283498063
3 0.806362613857
8 5.19841533668
4 1.39288090127
6 3.00945168748
4 1.39288090127
4 1.39288090127
21 32.5249516771
4 1.39288090127
8 5.19841533668
5 2.1283498063
