2 0.373213196615
2 0.373213196615
5 2.1283498063
79 403.173030828
2 0.373213196615
2 0.373213196615
3 0.806362613857
4 1.39288090127
5 2.1283498063
2 0.373213196615
17 21.7697253833
3 0.806362613857
2 0.373213196615
3 0.806362613857
3 0.806362613857
1 0.1
2 0.373213196615
11 9.52020065058
3 0.806362613857
2 0.373213196615
2 0.373213196615
5 2.1283498063
8 5.19841533668
1 0.1
4 1.39288090127
1 0.1
9 6.50220665026
1 0.1
10 7.94328234724
2 0.373213196615
8 5.19841533668
3 0.806362613857
1 0.1
16 19.4011720513
1 0.1
3 0.806362613857
1 0.1
2 0.373213196615
5 2.1283498063
2 0.373213196615
2 0.373213196615
8 5.19841533668
2 0.373213196615
1 0.1
2 0.373213196615
4 1.39288090127
2 0.373213196615
7 4.03353914457
2 0.373213196615
53 188.853114841
23 38.6618728707
3 0.806362613857
2 0.373213196615
4 1.39288090127
2 0.373213196615
1 0.1
3 0.806362613857
2 0.373213196615
3 0.806362613857
3 0.806362613857
2 0.373213196615
6 3.00945168748
2 0.373213196615
23 38.6618728707
1 0.1
2 0.373213196615
1 0.1
2 0.373213196615
1 0.1
4 1.39288090127
2 0.373213196615
2 0.373213196615
6 3.00945168748
1 0.1
7 4.03353914457
128 1008.55350341
12 11.2316708434
17 21.7697253833
3 0.806362613857
29 60.0559713959
25 45.2987289799
7 4.03353914457
43 126.937536492
11 9.52020065058
5 2.1283498063
1 0.1
6 3.00945168748
4 1.39288090127
2 0.373213196615
7 4.03353914457
2 0.373213196615
4 1.39288090127
1 0.1
1 0.1
4 1.39288090127
4 1.39288090127
2 0.373213196615
3 0.806362613857
14 15.0537003781
8 5.19841533668
1 0.1
13 13.0765256307
2 0.373213196615
1 0.1
1 0.1
15 17.1622171301
16 19.4011720513
3 0.806362613857
2 0.373213196615
1 0.1
2 0.373213196615
74 356.074003445
3 0.806362613857
8 5.19841533668
1 0.1
2 0.373213196615
1 0.1
6 3.00945168748
2 0.373213196615
3 0.806362613857
3 0.806362613857
4 1.39288090127
3 0.806362613857
2 0.373213196615
2 0.373213196615
1 0.1
2 0.373213196615
10 7.94328234724
2 0.373213196615
2 0.373213196615
2 0.373213196615
10 7.94328234724
1 0.1
1 0.1
3 0.806362613857
2 0.373213196615
8 5.19841533668
1 0.1
2 0.373213196615
3 0.806362613857
2 0.373213196615
8 5.19841533668
1 0.1
46 144.291211612
2 0.373213196615
4 1.39288090127
4 1.39288090127
3 0.806362613857
5 2.1283498063
2 0.373213196615
6 3.00945168748
2 0.373213196615
1 0.1
7 4.03353914457
2 0.373213196615
2 0.373213196615
20 29.6453779643
1 0.1
3 0.806362613857
7 4.03353914457
3 0.806362613857
6 3.00945168748
1 0.1
11 9.52020065058
7 4.03353914457
11 9.52020065058
7 4.03353914457
2 0.373213196615
37 95.4076668978
2 0.373213196615
1 0.1
3 0.806362613857
2 0.373213196615
1 0.1
2 0.373213196615
9 6.50220665026
6 3.00945168748
15 17.1622171301
4 1.39288090127
21 32.5249516771
5 2.1283498063
3 0.806362613857
130 1038.70535206
12 11.2316708434
1 0.1
2 0.373213196615
6 3.00945168748
2 0.373213196615
4 1.39288090127
1 0.1
2 0.373213196615
32 72.4077343935
10 7.94328234724
1 0.1
3 0.806362613857
11 9.52020065058
12 11.2316708434
7 4.03353914457
1 0.1
42 121.387411851
4 1.39288090127
2 0.373213196615
3 0.806362613857
12 11.2316708434
4 1.39288090127
24 41.918077788
1 0.1
4 1.39288090127
98 607.196897458
3 0.806362613857
5 2.1283498063
2 0.373213196615
15 17.1622171301
1 0.1
2 0.373213196615
2 0.373213196615
8 5.19841533668
2 0.373213196615
6 3.00945168748
8 5.19841533668
2 0.373213196615
7 4.03353914457
3 0.806362613857
2 0.373213196615
2 0.373213196615
2 0.373213196615
2 0.373213196615
2 0.373213196615
3 0.806362613857
3 0.806362613857
4 1.39288090127
17 21.7697253833
3 0.806362613857
5 2.1283498063
1 0.1
19 26.8925411482
1 0.1
1 0.1
2 0.373213196615
2 0.373213196615
2 0.373213196615
3 0.806362613857
3 0.806362613857
4 1.39288090127
2 0.373213196615
2 0.373213196615
8 5.19841533668
5 2.1283498063
1 0.1
2 0.373213196615
3 0.806362613857
15 17.1622171301
5 2.1283498063
27 52.4313635034
14 15.0537003781
2 0.373213196615
4 1.39288090127
3 0.806362613857
3 0.806362613857
3 0.806362613857
3 0.806362613857
3 0.806362613857
8 5.19841533668
5 2.1283498063
2 0.373213196615
4 1.39288090127
36 90.5679945928
2 0.373213196615
13 13.0765256307
12 11.2316708434
38 100.36651247
4 1.39288090127
2 0.373213196615
15 17.1622171301
2 0.373213196615
6 3.00945168748
2 0.373213196615
2 0.373213196615
7 4.03353914457
11 9.52020065058
2 0.373213196615
1 0.1
8 5.19841533668
2 0.373213196615
1 0.1
2 0.373213196615
13 13.0765256307
3 0.806362613857
5 2.1283498063
15 17.1622171301
1 0.1
2 0.373213196615
3 0.806362613857
2 0.373213196615
2 0.373213196615
2 0.373213196615
1 0.1
2 0.373213196615
47 150.30932693
16 19.4011720513
2 0.373213196615
3 0.806362613857
1 0.1
16 19.4011720513
1 0.1
18 24.2670932899
6 3.00945168748
12 11.2316708434
2 0.373213196615
10 7.94328234724
2 0.373213196615
2 0.373213196615
6 3.00945168748
2 0.373213196615
1 0.1
3 0.806362613857
4 1.39288090127
1 0.1
4 1.39288090127
4 1.39288090127
2 0.373213196615
3 0.806362613857
3 0.806362613857
4 1.39288090127
2 0.373213196615
2 0.373213196615
8 5.19841533668
1 0.1
3 0.806362613857
1 0.1
2 0.373213196615
4 1.39288090127
1 0.1
20 29.6453779643
11 9.52020065058
1 0.1
1 0.1
2 0.373213196615
4 1.39288090127
146 1295.00196078
17 21.7697253833
5 2.1283498063
1 0.1
2 0.373213196615
4 1.39288090127
3 0.806362613857
21 32.5249516771
17 21.7697253833
7 4.03353914457
4 1.39288090127
2 0.373213196615
2 0.373213196615
2 0.373213196615
3 0.806362613857
4 1.39288090127
4 1.39288090127
5 2.1283498063
88 494.899570702
7 4.03353914457
5 2.1283498063
1 0.1
2 0.373213196615
35 85.8478225705
2 0.373213196615
519 14415.1106348
2 0.373213196615
1 0.1
16 19.4011720513
7 4.03353914457
1 0.1
2 0.373213196615
3 0.806362613857
2 0.373213196615
2 0.373213196615
2 0.373213196615
2 0.373213196615
3 0.806362613857
3 0.806362613857
1 0.1
4 1.39288090127
2 0.373213196615
2 0.373213196615
2 0.373213196615
3 0.806362613857
2 0.373213196615
8 5.19841533668
2 0.373213196615
6 3.00945168748
1 0.1
20 29.6453779643
2 0.373213196615
3 0.806362613857
5 2.1283498063
3 0.806362613857
7 4.03353914457
7 4.03353914457
5 2.1283498063
2 0.373213196615
13 13.0765256307
3 0.806362613857
2 0.373213196615
1 0.1
4 1.39288090127
3 0.806362613857
1 0.1
2 0.373213196615
1 0.1
2 0.373213196615
1 0.1
4 1.39288090127
2 0.373213196615
10 7.94328234724
4 1.39288090127
3 0.806362613857
2 0.373213196615
11 9.52020065058
1 0.1
1 0.1
2 0.373213196615
9 6.50220665026
5 2.1283498063
3 0.806362613857
2 0.373213196615
28 56.1823963901
23 38.6618728707
7 4.03353914457
2 0.373213196615
9 6.50220665026
2 0.373213196615
1 0.1
2 0.373213196615
2 0.373213196615
2 0.373213196615
6 3.00945168748
22 35.5306451722
3 0.806362613857
6 3.00945168748
2 0.373213196615
3 0.806362613857
1 0.1
1 0.1
2 0.373213196615
2 0.373213196615
2 0.373213196615
1 0.1
2 0.373213196615
2 0.373213196615
2 0.373213196615
1 0.1
134 1100.26960797
2 0.373213196615
2 0.373213196615
2 0.373213196615
5 2.1283498063
3 0.806362613857
2 0.373213196615
3 0.806362613857
1 0.1
2 0.373213196615
2 0.373213196615
2 0.373213196615
5 2.1283498063
3 0.806362613857
2 0.373213196615
2 0.373213196615
1 0.1
6 3.00945168748
1 0.1
1 0.1
3 0.806362613857
1 0.1
2 0.373213196615
2 0.373213196615
1 0.1
1 0.1
8 5.19841533668
1 0.1
19 26.8925411482
1 0.1
2 0.373213196615
3 0.806362613857
3 0.806362613857
2 0.373213196615
3 0.806362613857
19 26.8925411482
1 0.1
4 1.39288090127
2 0.373213196615
2 0.373213196615
2 0.373213196615
7 4.03353914457
17 21.7697253833
2 0.373213196615
4 1.39288090127
4 1.39288090127
6 3.00945168748
1 0.1
3 0.806362613857
2 0.373213196615
1 0.1
6 3.00945168748
8 5.19841533668
8 5.19841533668
8 5.19841533668
4 1.39288090127
7 4.03353914457
5 2.1283498063
1 0.1
2 0.373213196615
7 4.03353914457
15 17.1622171301
3 0.806362613857
5 2.1283498063
1 0.1
3 0.806362613857
10 7.94328234724
2 0.373213196615
2 0.373213196615
2 0.373213196615
1 0.1
2 0.373213196615
6 3.00945168748
1 0.1
2 0.373213196615
2 0.373213196615
1 0.1
5 2.1283498063
6 3.00945168748
4 1.39288090127
3 0.806362613857
1 0.1
1 0.1
3 0.806362613857
2 0.373213196615
1 0.1
2 0.373213196615
2 0.373213196615
1 0.1
1 0.1
1 0.1
7 4.03353914457
6 3.00945168748
2 0.373213196615
1 0.1
2 0.373213196615
6 3.00945168748
2 0.373213196615
1 0.1
2 0.373213196615
4 1.39288090127
2 0.373213196615
4 1.39288090127
7 4.03353914457
27 52.4313635034
2 0.373213196615
2 0.373213196615
3 0.806362613857
23 38.6618728707
6 3.00945168748
4 1.39288090127
7 4.03353914457
1 0.1
19 26.8925411482
251 3625.60152465
2 0.373213196615
13 13.0765256307
2 0.373213196615
4 1.39288090127
2 0.373213196615
374 7734.92388091
3 0.806362613857
6 3.00945168748
2 0.373213196615
17 21.7697253833
2 0.373213196615
3 0.806362613857
9 6.50220665026
11 9.52020065058
5 2.1283498063
2 0.373213196615
1 0.1
1 0.1
2 0.373213196615
6 3.00945168748
9 6.50220665026
1 0.1
2 0.373213196615
1 0.1
2 0.373213196615
3 0.806362613857
58 224.136810605
3 0.806362613857
1 0.1
3 0.806362613857
6 3.00945168748
4 1.39288090127
6 3.00945168748
1 0.1
3 0.806362613857
2 0.373213196615
29 60.0559713959
1 0.1
2 0.373213196615
4 1.39288090127
8 5.19841533668
1 0.1
3 0.806362613857
3 0.806362613857
12 11.2316708434
4 1.39288090127
2 0.373213196615
5 2.1283498063
2 0.373213196615
2 0.373213196615
8 5.19841533668
5 2.1283498063
3 0.806362613857
27 52.4313635034
1 0.1
2 0.373213196615
2 0.373213196615
35 85.8478225705
3 0.806362613857
3 0.806362613857
1 0.1
1 0.1
2 0.373213196615
11 9.52020065058
2 0.373213196615
1 0.1
5 2.1283498063
2 0.373213196615
8 5.19841533668
2 0.373213196615
2 0.373213196615
5 2.1283498063
1 0.1
2 0.373213196615
15 17.1622171301
2 0.373213196615
7 4.03353914457
2 0.373213196615
10 7.94328234724
3 0.806362613857
3 0.806362613857
1 0.1
1 0.1
2 0.373213196615
1 0.1
2 0.373213196615
2 0.373213196615
20 29.6453779643
3 0.806362613857
4 1.39288090127
8 5.19841533668
1 0.1
2 0.373213196615
2 0.373213196615
1 0.1
2 0.373213196615
7 4.03353914457
1 0.1
1 0.1
1 0.1
2 0.373213196615
3 0.806362613857
2 0.373213196615
26 48.8033193126
2 0.373213196615
2 0.373213196615
5 2.1283498063
2 0.373213196615
6 3.00945168748
1 0.1
1 0.1
4 1.39288090127
4 1.39288090127
2 0.373213196615
2 0.373213196615
1 0.1
3 0.806362613857
9 6.50220665026
2 0.373213196615
1 0.1
1 0.1
2 0.373213196615
10 7.94328234724
1 0.1
1 0.1
2 0.373213196615
5 2.1283498063
19 26.8925411482
1 0.1
2 0.373213196615
2 0.373213196615
1 0.1
2 0.373213196615
1 0.1
5 2.1283498063
25 45.2987289799
2 0.373213196615
20 29.6453779643
27 52.4313635034
2 0.373213196615
1 0.1
2 0.373213196615
1 0.1
1 0.1
1 0.1
2 0.373213196615
36 90.5679945928
2 0.373213196615
1 0.1
122 920.626937717
1 0.1
4 1.39288090127
17 21.7697253833
2 0.373213196615
2 0.373213196615
3 0.806362613857
3 0.806362613857
3 0.806362613857
195 2244.22172182
3 0.806362613857
1 0.1
2 0.373213196615
2 0.373213196615
1 0.1
2 0.373213196615
11 9.52020065058
5 2.1283498063
6 3.00945168748
2 0.373213196615
7 4.03353914457
1 0.1
3 0.806362613857
3 0.806362613857
2 0.373213196615
3 0.806362613857
5 2.1283498063
13 13.0765256307
3 0.806362613857
2 0.373213196615
1 0.1
3 0.806362613857
6 3.00945168748
1 0.1
2 0.373213196615
2 0.373213196615
3 0.806362613857
1 0.1
1 0.1
2 0.373213196615
2 0.373213196615
1 0.1
3 0.806362613857
2 0.373213196615
1 0.1
4 1.39288090127
4 1.39288090127
1 0.1
5 2.1283498063
5 2.1283498063
1 0.1
2 0.373213196615
1 0.1
2 0.373213196615
3 0.806362613857
10 7.94328234724
1 0.1
1 0.1
3 0.806362613857
3 0.806362613857
3 0.806362613857
10 7.94328234724
2 0.373213196615
65 278.314207933
2 0.373213196615
32 72.4077343935
1 0.1
2 0.373213196615
7 4.03353914457
14 15.0537003781
2 0.373213196615
1 0.1
10 7.94328234724
2 0.373213196615
4 1.39288090127
2 0.373213196615
4 1.39288090127
2 0.373213196615
5 2.1283498063
2 0.373213196615
5 2.1283498063
67 294.809941865
2 0.373213196615
2 0.373213196615
10 7.94328234724
3 0.806362613857
1 0.1
1 0.1
3 0.806362613857
2 0.373213196615
8 5.19841533668
3 0.806362613857
2 0.373213196615
1 0.1
29 60.0559713959
2 0.373213196615
3 0.806362613857
5 2.1283498063
1 0.1
2 0.373213196615
2 0.373213196615
9 6.50220665026
3 0.806362613857
1 0.1
6 3.00945168748
21 32.5249516771
2 0.373213196615
7 4.03353914457
1 0.1
1 0.1
4 1.39288090127
2 0.373213196615
4 1.39288090127
15 17.1622171301
3 0.806362613857
1 0.1
1 0.1
2 0.373213196615
2 0.373213196615
2 0.373213196615
14 15.0537003781
1 0.1
3 0.806362613857
1 0.1
3 0.806362613857
3 0.806362613857
2 0.373213196615
2 0.373213196615
3 0.806362613857
4 1.39288090127
3 0.806362613857
3 0.806362613857
49 162.694380307
6 3.00945168748
2 0.373213196615
2 0.373213196615
2 0.373213196615
3 0.806362613857
1 0.1
2 0.373213196615
3 0.806362613857
1 0.1
2 0.373213196615
2 0.373213196615
1 0.1
4 1.39288090127
5 2.1283498063
5 2.1283498063
7 4.03353914457
3 0.806362613857
8 5.19841533668
7 4.03353914457
2 0.373213196615
2 0.373213196615
1 0.1
14 15.0537003781
1 0.1
6 3.00945168748
5 2.1283498063
1 0.1
2 0.373213196615
1 0.1
10 7.94328234724
9 6.50220665026
2 0.373213196615
4 1.39288090127
1 0.1
8 5.19841533668
2 0.373213196615
12 11.2316708434
3 0.806362613857
1 0.1
8 5.19841533668
7 4.03353914457
4 1.39288090127
2 0.373213196615
3 0.806362613857
15 17.1622171301
1 0.1
1 0.1
71 329.147728699
2 0.373213196615
2 0.373213196615
17 21.7697253833
1 0.1
18 24.2670932899
4 1.39288090127
16 19.4011720513
3 0.806362613857
2 0.373213196615
4 1.39288090127
2 0.373213196615
1 0.1
2 0.373213196615
2 0.373213196615
2 0.373213196615
1 0.1
1 0.1
1 0.1
3 0.806362613857
4 1.39288090127
2 0.373213196615
10 7.94328234724
2 0.373213196615
4 1.39288090127
3 0.806362613857
4 1.39288090127
3 0.806362613857
2 0.373213196615
2 0.373213196615
5 2.1283498063
2 0.373213196615
2 0.373213196615
162 1577.89655372
1 0.1
1 0.1
2 0.373213196615
1 0.1
4 1.39288090127
1 0.1
1 0.1
8 5.19841533668
1 0.1
3 0.806362613857
14 15.0537003781
2 0.373213196615
6 3.00945168748
3 0.806362613857
15 17.1622171301
2 0.373213196615
8 5.19841533668
42 121.387411851
6 3.00945168748
2 0.373213196615
3 0.806362613857
6 3.00945168748
5 2.1283498063
2 0.373213196615
1 0.1
10 7.94328234724
2 0.373213196615
6 3.00945168748
2 0.373213196615
2 0.373213196615
3 0.806362613857
4 1.39288090127
8 5.19841533668
5 2.1283498063
5 2.1283498063
4 1.39288090127
1 0.1
3 0.806362613857
2 0.373213196615
4 1.39288090127
2 0.373213196615
5 2.1283498063
2 0.373213196615
2 0.373213196615
2 0.373213196615
2 0.373213196615
15 17.1622171301
1 0.1
1 0.1
3 0.806362613857
5 2.1283498063
11 9.52020065058
3 0.806362613857
6 3.00945168748
1 0.1
7 4.03353914457
2 0.373213196615
8 5.19841533668
2 0.373213196615
2 0.373213196615
4 1.39288090127
6 3.00945168748
2 0.373213196615
2 0.373213196615
2 0.373213196615
2 0.373213196615
2 0.373213196615
2 0.373213196615
3 0.806362613857
7 4.03353914457
2 0.373213196615
1 0.1
1 0.1
4 1.39288090127
1 0.1
18 24.2670932899
1 0.1
2 0.373213196615
3 0.806362613857
1 0.1
2 0.373213196615
2 0.373213196615
18 24.2670932899
4 1.39288090127
2 0.373213196615
1 0.1
8 5.19841533668
5 2.1283498063
2 0.373213196615
1 0.1
58 224.136810605
2 0.373213196615
3 0.806362613857
3 0.806362613857
4 1.39288090127
6 3.00945168748
1 0.1
4 1.39288090127
1 0.1
2 0.373213196615
1 0.1
14 15.0537003781
4 1.39288090127
5 2.1283498063
2 0.373213196615
1 0.1
2 0.373213196615
5 2.1283498063
1 0.1
1 0.1
19 26.8925411482
2 0.373213196615
100 630.95734448
1 0.1
2 0.373213196615
3 0.806362613857
2 0.373213196615
2 0.373213196615
2 0.373213196615
2 0.373213196615
2 0.373213196615
2 0.373213196615
6 3.00945168748
5 2.1283498063
3 0.806362613857
1 0.1
1 0.1
1 0.1
4 1.39288090127
1 0.1
3 0.806362613857
3 0.806362613857
2 0.373213196615
2 0.373213196615
1 0.1
2 0.373213196615
2 0.373213196615
5 2.1283498063
3 0.806362613857
2 0.373213196615
20 29.6453779643
2 0.373213196615
2 0.373213196615
2 0.373213196615
5 2.1283498063
4 1.39288090127
33 76.7673388104
4 1.39288090127
1 0.1
1 0.1
2 0.373213196615
3 0.806362613857
4 1.39288090127
8 5.19841533668
2 0.373213196615
3 0.806362613857
3 0.806362613857
8 5.19841533668
2 0.373213196615
2 0.373213196615
2 0.373213196615
13 13.0765256307
2 0.373213196615
2 0.373213196615
2 0.373213196615
2 0.373213196615
11 9.52020065058
4 1.39288090127
2 0.373213196615
2 0.373213196615
26 48.8033193126
8 5.19841533668
3 0.806362613857
17 21.7697253833
10 7.94328234724
1 0.1
5 2.1283498063
2 0.373213196615
5 2.1283498063
7 4.03353914457
2 0.373213196615
17 21.7697253833
2 0.373213196615
6 3.00945168748
10 7.94328234724
1 0.1
4 1.39288090127
3 0.806362613857
2 0.373213196615
1 0.1
5 2.1283498063
2 0.373213196615
3 0.806362613857
194 2222.4054165
3 0.806362613857
4 1.39288090127
2 0.373213196615
1 0.1
1 0.1
1 0.1
3 0.806362613857
2 0.373213196615
1 0.1
3 0.806362613857
1 0.1
18 24.2670932899
2 0.373213196615
11 9.52020065058
1 0.1
11 9.52020065058
1 0.1
2 0.373213196615
6 3.00945168748
7 4.03353914457
2 0.373213196615
10 7.94328234724
2 0.373213196615
7 4.03353914457
55 202.623172106
5 2.1283498063
4 1.39288090127
2 0.373213196615
5 2.1283498063
11 9.52020065058
2 0.373213196615
2 0.373213196615
3 0.806362613857
4 1.39288090127
31 68.1690463188
4 1.39288090127
2 0.373213196615
8 5.19841533668
2 0.373213196615
3 0.806362613857
3 0.806362613857
4 1.39288090127
2 0.373213196615
2 0.373213196615
14 15.0537003781
4 1.39288090127
11 9.52020065058
23 38.6618728707
3 0.806362613857
3 0.806362613857
2 0.373213196615
2 0.373213196615
2 0.373213196615
11 9.52020065058
2 0.373213196615
3 0.806362613857
2 0.373213196615
2 0.373213196615
5 2.1283498063
4 1.39288090127
2 0.373213196615
20 29.6453779643
3 0.806362613857
40 110.640462749
5 2.1283498063
2 0.373213196615
1 0.1
1 0.1
1 0.1
54 195.68076776
3 0.806362613857
2 0.373213196615
2 0.373213196615
2 0.373213196615
1 0.1
4 1.39288090127
3 0.806362613857
1 0.1
12 11.2316708434
3 0.806362613857
2 0.373213196615
2 0.373213196615
5 2.1283498063
2 0.373213196615
2 0.373213196615
2 0.373213196615
3 0.806362613857
2 0.373213196615
3 0.806362613857
49 162.694380307
4 1.39288090127
2 0.373213196615
2 0.373213196615
2 0.373213196615
1 0.1
1 0.1
3 0.806362613857
3 0.806362613857
26 48.8033193126
5 2.1283498063
1 0.1
5 2.1283498063
2 0.373213196615
11 9.52020065058
1 0.1
12 11.2316708434
1 0.1
3 0.806362613857
2 0.373213196615
21 32.5249516771
2 0.373213196615
12 11.2316708434
1 0.1
3 0.806362613857
2 0.373213196615
1 0.1
3 0.806362613857
13 13.0765256307
1 0.1
2 0.373213196615
2 0.373213196615
2 0.373213196615
5 2.1283498063
2 0.373213196615
4 1.39288090127
2 0.373213196615
5 2.1283498063
2 0.373213196615
4 1.39288090127
9 6.50220665026
4 1.39288090127
2 0.373213196615
2 0.373213196615
2 0.373213196615
1 0.1
2 0.373213196615
31 68.1690463188
4 1.39288090127
6 3.00945168748
9 6.50220665026
1 0.1
2 0.373213196615
1 0.1
2 0.373213196615
3 0.806362613857
1 0.1
1 0.1
1 0.1
3 0.806362613857
7 4.03353914457
5 2.1283498063
1 0.1
2 0.373213196615
2 0.373213196615
6 3.00945168748
2 0.373213196615
2 0.373213196615
3 0.806362613857
4 1.39288090127
1 0.1
8 5.19841533668
2 0.373213196615
10 7.94328234724
3 0.806362613857
13 13.0765256307
9 6.50220665026
1 0.1
3 0.806362613857
111 769.331756617
2 0.373213196615
1 0.1
1 0.1
2 0.373213196615
2 0.373213196615
6 3.00945168748
2 0.373213196615
2 0.373213196615
1 0.1
2 0.373213196615
8 5.19841533668
6 3.00945168748
4 1.39288090127
2 0.373213196615
15 17.1622171301
1 0.1
2 0.373213196615
3 0.806362613857
2 0.373213196615
9 6.50220665026
2 0.373213196615
1 0.1
4 1.39288090127
3 0.806362613857
2 0.373213196615
1 0.1
12 11.2316708434
2 0.373213196615
1 0.1
2 0.373213196615
2 0.373213196615
5 2.1283498063
1 0.1
3 0.806362613857
8 5.19841533668
4 1.39288090127
6 3.00945168748
3 0.806362613857
2 0.373213196615
1 0.1
5 2.1283498063
1 0.1
3 0.806362613857
4 1.39288090127
2 0.373213196615
12 11.2316708434
2 0.373213196615
3 0.806362613857
2 0.373213196615
4 1.39288090127
2 0.373213196615
7 4.03353914457
4 1.39288090127
1 0.1
2 0.373213196615
3 0.806362613857
1 0.1
20 29.6453779643
2 0.373213196615
4 1.39288090127
2 0.373213196615
3 0.806362613857
2 0.373213196615
4 1.39288090127
3 0.806362613857
3 0.806362613857
5 2.1283498063
2 0.373213196615
4 1.39288090127
3 0.806362613857
1 0.1
1 0.1
2 0.373213196615
4 1.39288090127
4 1.39288090127
1 0.1
4 1.39288090127
4 1.39288090127
1 0.1
2 0.373213196615
2 0.373213196615
2 0.373213196615
3 0.806362613857
2 0.373213196615
2 0.373213196615
6 3.00945168748
4 1.39288090127
1 0.1
2 0.373213196615
10 7.94328234724
1 0.1
2 0.373213196615
2 0.373213196615
3 0.806362613857
1 0.1
3 0.806362613857
1 0.1
2 0.373213196615
2 0.373213196615
38 100.36651247
3 0.806362613857
3 0.806362613857
79 403.173030828
1 0.1
2 0.373213196615
13 13.0765256307
4 1.39288090127
2 0.373213196615
1 0.1
8 5.19841533668
3 0.806362613857
3 0.806362613857
2 0.373213196615
72 338.01170773
3 0.806362613857
7 4.03353914457
3 0.806362613857
2 0.373213196615
2 0.373213196615
3 0.806362613857
2 0.373213196615
3 0.806362613857
1 0.1
9 6.50220665026
3 0.806362613857
1 0.1
10 7.94328234724
4 1.39288090127
10 7.94328234724
3 0.806362613857
5 2.1283498063
7 4.03353914457
3 0.806362613857
1 0.1
39 105.444213878
2 0.373213196615
2 0.373213196615
3 0.806362613857
1 0.1
4 1.39288090127
4 1.39288090127
5 2.1283498063
280 4462.72637471
3 0.806362613857
2 0.373213196615
206 2490.85082456
10 7.94328234724
2 0.373213196615
3 0.806362613857
2 0.373213196615
6 3.00945168748
2 0.373213196615
7 4.03353914457
2 0.373213196615
6 3.00945168748
4 1.39288090127
3 0.806362613857
4 1.39288090127
23 38.6618728707
7 4.03353914457
2 0.373213196615
1 0.1
2 0.373213196615
2 0.373213196615
2 0.373213196615
5 2.1283498063
21 32.5249516771
2 0.373213196615
4 1.39288090127
6 3.00945168748
2 0.373213196615
4 1.39288090127
2 0.373213196615
5 2.1283498063
6 3.00945168748
5 2.1283498063
2 0.373213196615
2 0.373213196615
3 0.806362613857
1 0.1
1 0.1
2 0.373213196615
3 0.806362613857
9 6.50220665026
3 0.806362613857
8 5.19841533668
1 0.1
1 0.1
4 1.39288090127
13 13.0765256307
1 0.1
2 0.373213196615
4 1.39288090127
1 0.1
1 0.1
3 0.806362613857
2 0.373213196615
2 0.373213196615
1 0.1
4 1.39288090127
2 0.373213196615
2 0.373213196615
2 0.373213196615
1 0.1
5 2.1283498063
6 3.00945168748
5 2.1283498063
4 1.39288090127
2 0.373213196615
15 17.1622171301
2 0.373213196615
3 0.806362613857
3 0.806362613857
3 0.806362613857
50 169.060834452
1 0.1
1 0.1
2 0.373213196615
10 7.94328234724
2 0.373213196615
1 0.1
4 1.39288090127
331 6133.00315602
1 0.1
7 4.03353914457
82 432.759210209
3 0.806362613857
1 0.1
6 3.00945168748
2 0.373213196615
2 0.373213196615
3 0.806362613857
1 0.1
2 0.373213196615
1 0.1
3 0.806362613857
3 0.806362613857
2 0.373213196615
2 0.373213196615
12 11.2316708434
12 11.2316708434
2 0.373213196615
2 0.373213196615
3 0.806362613857
33 76.7673388104
16 19.4011720513
7 4.03353914457
19 26.8925411482
2 0.373213196615
4 1.39288090127
4 1.39288090127
8 5.19841533668
3 0.806362613857
10 7.94328234724
3 0.806362613857
1 0.1
2 0.373213196615
3 0.806362613857
2 0.373213196615
5 2.1283498063
4 1.39288090127
2 0.373213196615
89 505.63952261
22 35.5306451722
3 0.806362613857
9 6.50220665026
2 0.373213196615
2 0.373213196615
37 95.4076668978
2 0.373213196615
18 24.2670932899
4 1.39288090127
5 2.1283498063
2 0.373213196615
1 0.1
2 0.373213196615
1 0.1
20 29.6453779643
3 0.806362613857
1 0.1
7 4.03353914457
3 0.806362613857
1 0.1
2 0.373213196615
1 0.1
3 0.806362613857
12 11.2316708434
2 0.373213196615
6 3.00945168748
2 0.373213196615
2 0.373213196615
28 56.1823963901
7 4.03353914457
2 0.373213196615
2 0.373213196615
3 0.806362613857
3 0.806362613857
2 0.373213196615
1 0.1
1 0.1
5 2.1283498063
2 0.373213196615
4 1.39288090127
20 29.6453779643
3 0.806362613857
1 0.1
2 0.373213196615
2 0.373213196615
1 0.1
2 0.373213196615
16 19.4011720513
9 6.50220665026
4 1.39288090127
2 0.373213196615
15 17.1622171301
1 0.1
3 0.806362613857
3 0.806362613857
3 0.806362613857
1 0.1
6 3.00945168748
4 1.39288090127
3 0.806362613857
6 3.00945168748
5 2.1283498063
8 5.19841533668
2 0.373213196615
3 0.806362613857
4 1.39288090127
1 0.1
2 0.373213196615
2 0.373213196615
3 0.806362613857
1 0.1
2 0.373213196615
4 1.39288090127
1 0.1
9 6.50220665026
52 182.140428061
2 0.373213196615
2 0.373213196615
3 0.806362613857
13 13.0765256307
2 0.373213196615
2 0.373213196615
51 175.54292663
2 0.373213196615
4 1.39288090127
6 3.00945168748
6 3.00945168748
3 0.806362613857
1 0.1
6 3.00945168748
4 1.39288090127
5 2.1283498063
2 0.373213196615
1 0.1
1 0.1
2 0.373213196615
1 0.1
8 5.19841533668
1 0.1
3 0.806362613857
2 0.373213196615
1 0.1
1 0.1
1 0.1
2 0.373213196615
2 0.373213196615
1 0.1
24 41.918077788
23 38.6618728707
1 0.1
3 0.806362613857
1 0.1
1 0.1
1 0.1
3 0.806362613857
1 0.1
6 3.00945168748
3 0.806362613857
15 17.1622171301
1 0.1
9 6.50220665026
2 0.373213196615
33 76.7673388104
6 3.00945168748
7 4.03353914457
2 0.373213196615
4 1.39288090127
2 0.373213196615
3 0.806362613857
40 110.640462749
30 64.0516591612
2 0.373213196615
3 0.806362613857
2 0.373213196615
2 0.373213196615
6 3.00945168748
2 0.373213196615
5 2.1283498063
2 0.373213196615
1 0.1
2 0.373213196615
4 1.39288090127
6 3.00945168748
3 0.806362613857
1 0.1
1 0.1
13 13.0765256307
4 1.39288090127
22 35.5306451722
2 0.373213196615
1 0.1
35 85.8478225705
9 6.50220665026
1 0.1
2 0.373213196615
1 0.1
3 0.806362613857
2 0.373213196615
4 1.39288090127
2 0.373213196615
2 0.373213196615
3 0.806362613857
2 0.373213196615
1 0.1
3 0.806362613857
4 1.39288090127
2 0.373213196615
3 0.806362613857
1 0.1
4 1.39288090127
6 3.00945168748
3 0.806362613857
1 0.1
2 0.373213196615
1 0.1
36 90.5679945928
3 0.806362613857
4 1.39288090127
38 100.36651247
1 0.1
16 19.4011720513
1 0.1
3 0.806362613857
2 0.373213196615
2 0.373213196615
2 0.373213196615
156 1468.7123166
5 2.1283498063
1 0.1
4 1.39288090127
1 0.1
1 0.1
5 2.1283498063
1 0.1
1 0.1
1 0.1
4 1.39288090127
1 0.1
2 0.373213196615
2 0.373213196615
2 0.373213196615
2 0.373213196615
4 1.39288090127
5 2.1283498063
3 0.806362613857
1 0.1
6 3.00945168748
2 0.373213196615
1 0.1
2 0.373213196615
2 0.373213196615
1 0.1
2 0.373213196615
11 9.52020065058
2 0.373213196615
19 26.8925411482
2 0.373213196615
8 5.19841533668
1 0.1
1 0.1
2 0.373213196615
3 0.806362613857
9 6.50220665026
2 0.373213196615
5 2.1283498063
110 756.2164177
3 0.806362613857
2 0.373213196615
2 0.373213196615
7 4.03353914457
3 0.806362613857
17 21.7697253833
2 0.373213196615
3 0.806362613857
2 0.373213196615
3 0.806362613857
1 0.1
2 0.373213196615
1 0.1
13 13.0765256307
2 0.373213196615
4 1.39288090127
2 0.373213196615
4 1.39288090127
1 0.1
13 13.0765256307
2 0.373213196615
3 0.806362613857
5 2.1283498063
2 0.373213196615
1 0.1
1 0.1
4 1.39288090127
2 0.373213196615
2 0.373213196615
2 0.373213196615
3 0.806362613857
3 0.806362613857
162 1577.89655372
6 3.00945168748
2 0.373213196615
6 3.00945168748
2 0.373213196615
1 0.1
2 0.373213196615
22 35.5306451722
4 1.39288090127
18 24.2670932899
3 0.806362613857
2 0.373213196615
3 0.806362613857
1 0.1
3 0.806362613857
5 2.1283498063
2 0.373213196615
1 0.1
2 0.373213196615
3 0.806362613857
2 0.373213196615
1 0.1
7 4.03353914457
2 0.373213196615
2 0.373213196615
1 0.1
1 0.1
3 0.806362613857
1 0.1
1 0.1
2 0.373213196615
2 0.373213196615
2 0.373213196615
2 0.373213196615
2 0.373213196615
18 24.2670932899
1 0.1
30 64.0516591612
25 45.2987289799
3 0.806362613857
3 0.806362613857
1 0.1
2 0.373213196615
5 2.1283498063
1 0.1
2 0.373213196615
95 572.367347437
7 4.03353914457
7 4.03353914457
16 19.4011720513
10 7.94328234724
4 1.39288090127
3 0.806362613857
2 0.373213196615
3 0.806362613857
86 473.747637647
1 0.1
3 0.806362613857
5 2.1283498063
1 0.1
5 2.1283498063
4 1.39288090127
120 892.163327406
5 2.1283498063
2 0.373213196615
4 1.39288090127
4 1.39288090127
1 0.1
24 41.918077788
2 0.373213196615
1 0.1
2 0.373213196615
5 2.1283498063
1 0.1
3 0.806362613857
2 0.373213196615
2 0.373213196615
2 0.373213196615
6 3.00945168748
1 0.1
2 0.373213196615
3 0.806362613857
16 19.4011720513
2 0.373213196615
2 0.373213196615
3 0.806362613857
1 0.1
10 7.94328234724
2 0.373213196615
2 0.373213196615
2 0.373213196615
8 5.19841533668
4 1.39288090127
2 0.373213196615
5 2.1283498063
9 6.50220665026
9 6.50220665026
5 2.1283498063
3 0.806362613857
3 0.806362613857
9 6.50220665026
2 0.373213196615
1 0.1
1 0.1
6 3.00945168748
2 0.373213196615
1 0.1
3 0.806362613857
2 0.373213196615
10 7.94328234724
1 0.1
3 0.806362613857
2 0.373213196615
2 0.373213196615
2 0.373213196615
2 0.373213196615
2 0.373213196615
1 0.1
3 0.806362613857
6 3.00945168748
2 0.373213196615
3 0.806362613857
10 7.94328234724
2 0.373213196615
4 1.39288090127
1 0.1
3 0.806362613857
2 0.373213196615
4 1.39288090127
179 1907.3076859
1 0.1
4 1.39288090127
2 0.373213196615
1 0.1
3 0.806362613857
4 1.39288090127
2 0.373213196615
3 0.806362613857
2 0.373213196615
1 0.1
1 0.1
20 29.6453779643
9 6.50220665026
3 0.806362613857
8 5.19841533668
5 2.1283498063
4 1.39288090127
7 4.03353914457
4 1.39288090127
13 13.0765256307
3 0.806362613857
1 0.1
3 0.806362613857
2 0.373213196615
9 6.50220665026
4 1.39288090127
2 0.373213196615
4 1.39288090127
1 0.1
2 0.373213196615
10 7.94328234724
15 17.1622171301
2 0.373213196615
2 0.373213196615
3 0.806362613857
2 0.373213196615
2 0.373213196615
26 48.8033193126
2 0.373213196615
4 1.39288090127
5 2.1283498063
3 0.806362613857
2 0.373213196615
2 0.373213196615
1 0.1
4 1.39288090127
9 6.50220665026
1 0.1
2 0.373213196615
1 0.1
6 3.00945168748
2 0.373213196615
2 0.373213196615
66 286.50583913
1 0.1
2 0.373213196615
3 0.806362613857
6 3.00945168748
5 2.1283498063
4 1.39288090127
2 0.373213196615
2 0.373213196615
2 0.373213196615
3 0.806362613857
1 0.1
2 0.373213196615
2 0.373213196615
1 0.1
3 0.806362613857
4 1.39288090127
21 32.5249516771
3 0.806362613857
7 4.03353914457
5 2.1283498063
3 0.806362613857
15 17.1622171301
2 0.373213196615
1 0.1
3 0.806362613857
2 0.373213196615
11 9.52020065058
1 0.1
4 1.39288090127
1 0.1
1 0.1
9 6.50220665026
4 1.39288090127
2 0.373213196615
9 6.50220665026
53 188.853114841
8 5.19841533668
2 0.373213196615
50 169.060834452
4 1.39288090127
3 0.806362613857
36 90.5679945928
1 0.1
1 0.1
2 0.373213196615
1 0.1
3 0.806362613857
1 0.1
4 1.39288090127
1 0.1
7 4.03353914457
2 0.373213196615
11 9.52020065058
5 2.1283498063
2 0.373213196615
11 9.52020065058
4 1.39288090127
2 0.373213196615
2 0.373213196615
3 0.806362613857
3 0.806362613857
3 0.806362613857
28 56.1823963901
1 0.1
3 0.806362613857
1 0.1
2 0.373213196615
2 0.373213196615
7 4.03353914457
2 0.373213196615
2 0.373213196615
29 60.0559713959
2 0.373213196615
8 5.19841533668
1 0.1
1 0.1
4 1.39288090127
3 0.806362613857
7 4.03353914457
1 0.1
1 0.1
8 5.19841533668
1 0.1
3 0.806362613857
4 1.39288090127
2 0.373213196615
9 6.50220665026
5 2.1283498063
2 0.373213196615
17 21.7697253833
2 0.373213196615
5 2.1283498063
2 0.373213196615
4 1.39288090127
19 26.8925411482
9 6.50220665026
4 1.39288090127
2 0.373213196615
1 0.1
4 1.39288090127
2 0.373213196615
1 0.1
6 3.00945168748
1 0.1
1 0.1
3 0.806362613857
1 0.1
2 0.373213196615
4 1.39288090127
1 0.1
23 38.6618728707
50 169.060834452
2 0.373213196615
8 5.19841533668
2 0.373213196615
9 6.50220665026
9 6.50220665026
1 0.1
51 175.54292663
5 2.1283498063
1 0.1
1 0.1
1 0.1
19 26.8925411482
3 0.806362613857
2 0.373213196615
125 964.1154105
2 0.373213196615
1 0.1
2 0.373213196615
10 7.94328234724
3 0.806362613857
1 0.1
7 4.03353914457
2 0.373213196615
2 0.373213196615
4 1.39288090127
127 993.635432505
7 4.03353914457
1 0.1
1 0.1
9 6.50220665026
9 6.50220665026
2 0.373213196615
3 0.806362613857
13 13.0765256307
5 2.1283498063
2 0.373213196615
2 0.373213196615
3 0.806362613857
8 5.19841533668
32 72.4077343935
1 0.1
15 17.1622171301
2 0.373213196615
226 2970.33911562
14 15.0537003781
2 0.373213196615
2 0.373213196615
8 5.19841533668
6 3.00945168748
5 2.1283498063
2 0.373213196615
6 3.00945168748
10 7.94328234724
2 0.373213196615
3 0.806362613857
2 0.373213196615
3 0.806362613857
2 0.373213196615
6 3.00945168748
4 1.39288090127
2 0.373213196615
4 1.39288090127
2 0.373213196615
2 0.373213196615
1 0.1
2 0.373213196615
8 5.19841533668
6 3.00945168748
6 3.00945168748
3 0.806362613857
2 0.373213196615
32 72.4077343935
46 144.291211612
1 0.1
3 0.806362613857
3 0.806362613857
3 0.806362613857
2 0.373213196615
1 0.1
1 0.1
4 1.39288090127
1 0.1
2 0.373213196615
2 0.373213196615
1 0.1
2 0.373213196615
5 2.1283498063
28 56.1823963901
3 0.806362613857
1 0.1
68 303.226347124
2 0.373213196615
9 6.50220665026
3 0.806362613857
4 1.39288090127
4 1.39288090127
5 2.1283498063
3 0.806362613857
11 9.52020065058
4 1.39288090127
1 0.1
1 0.1
2 0.373213196615
4 1.39288090127
13 13.0765256307
1 0.1
1 0.1
2 0.373213196615
2 0.373213196615
28 56.1823963901
3 0.806362613857
2 0.373213196615
1 0.1
12 11.2316708434
6 3.00945168748
1 0.1
9 6.50220665026
2 0.373213196615
10 7.94328234724
2 0.373213196615
4 1.39288090127
2 0.373213196615
10 7.94328234724
8 5.19841533668
1 0.1
16 19.4011720513
15 17.1622171301
11 9.52020065058
5 2.1283498063
3 0.806362613857
7 4.03353914457
2 0.373213196615
2 0.373213196615
1 0.1
2 0.373213196615
1 0.1
1 0.1
2 0.373213196615
4 1.39288090127
3 0.806362613857
1 0.1
6 3.00945168748
2 0.373213196615
2 0.373213196615
8 5.19841533668
2 0.373213196615
9 6.50220665026
1 0.1
2 0.373213196615
2 0.373213196615
12 11.2316708434
3 0.806362613857
2 0.373213196615
5 2.1283498063
3 0.806362613857
4 1.39288090127
2 0.373213196615
11 9.52020065058
2 0.373213196615
2 0.373213196615
3 0.806362613857
5 2.1283498063
2 0.373213196615
16 19.4011720513
3 0.806362613857
2 0.373213196615
3 0.806362613857
4 1.39288090127
2 0.373213196615
4 1.39288090127
2 0.373213196615
2 0.373213196615
1 0.1
1 0.1
4 1.39288090127
3 0.806362613857
1 0.1
2 0.373213196615
1 0.1
2 0.373213196615
6 3.00945168748
4 1.39288090127
3 0.806362613857
5 2.1283498063
2 0.373213196615
11 9.52020065058
27 52.4313635034
2 0.373213196615
1 0.1
52 182.140428061
4 1.39288090127
121 906.342204273
9 6.50220665026
2 0.373213196615
2 0.373213196615
2 0.373213196615
5 2.1283498063
2 0.373213196615
3 0.806362613857
2 0.373213196615
1 0.1
1 0.1
25 45.2987289799
1 0.1
1 0.1
3 0.806362613857
1 0.1
2 0.373213196615
111 769.331756617
9 6.50220665026
3 0.806362613857
4 1.39288090127
1 0.1
1 0.1
2 0.373213196615
1 0.1
1 0.1
2 0.373213196615
2 0.373213196615
2 0.373213196615
2 0.373213196615
8 5.19841533668
8 5.19841533668
1 0.1
3 0.806362613857
2 0.373213196615
4 1.39288090127
2 0.373213196615
2 0.373213196615
3 0.806362613857
7 4.03353914457
1 0.1
1 0.1
2 0.373213196615
8 5.19841533668
1 0.1
2 0.373213196615
14 15.0537003781
2 0.373213196615
2 0.373213196615
6 3.00945168748
32 72.4077343935
2 0.373213196615
11 9.52020065058
7 4.03353914457
1 0.1
5 2.1283498063
2 0.373213196615
4 1.39288090127
2 0.373213196615
2 0.373213196615
6 3.00945168748
2 0.373213196615
1 0.1
14 15.0537003781
2 0.373213196615
4 1.39288090127
3 0.806362613857
5 2.1283498063
1 0.1
2 0.373213196615
3 0.806362613857
2 0.373213196615
3 0.806362613857
3 0.806362613857
1 0.1
4 1.39288090127
2 0.373213196615
2 0.373213196615
3 0.806362613857
2 0.373213196615
1 0.1
2 0.373213196615
4 1.39288090127
3 0.806362613857
2 0.373213196615
2 0.373213196615
6 3.00945168748
4 1.39288090127
7 4.03353914457
5 2.1283498063
3 0.806362613857
5 2.1283498063
2 0.373213196615
2 0.373213196615
89 505.63952261
4 1.39288090127
7 4.03353914457
2 0.373213196615
5 2.1283498063
2 0.373213196615
6 3.00945168748
15 17.1622171301
2 0.373213196615
1 0.1
1 0.1
10 7.94328234724
2 0.373213196615
1 0.1
1 0.1
4 1.39288090127
8 5.19841533668
2 0.373213196615
3 0.806362613857
2 0.373213196615
1 0.1
2 0.373213196615
2 0.373213196615
35 85.8478225705
3 0.806362613857
4 1.39288090127
19 26.8925411482
16 19.4011720513
13 13.0765256307
2 0.373213196615
7 4.03353914457
6 3.00945168748
1 0.1
6 3.00945168748
3 0.806362613857
2 0.373213196615
2 0.373213196615
8 5.19841533668
3 0.806362613857
4 1.39288090127
2 0.373213196615
3 0.806362613857
2 0.373213196615
1 0.1
3 0.806362613857
1 0.1
30 64.0516591612
4 1.39288090127
6 3.00945168748
11 9.52020065058
1 0.1
1 0.1
5 2.1283498063
4 1.39288090127
15 17.1622171301
2 0.373213196615
2 0.373213196615
2 0.373213196615
2 0.373213196615
1 0.1
1 0.1
4 1.39288090127
14 15.0537003781
4 1.39288090127
14 15.0537003781
50 169.060834452
2 0.373213196615
2 0.373213196615
2 0.373213196615
3 0.806362613857
11 9.52020065058
4 1.39288090127
2 0.373213196615
5 2.1283498063
2 0.373213196615
3 0.806362613857
3 0.806362613857
3 0.806362613857
3 0.806362613857
3 0.806362613857
2 0.373213196615
4 1.39288090127
1 0.1
119 878.090395001
3 0.806362613857
15 17.1622171301
2 0.373213196615
2 0.373213196615
2 0.373213196615
2 0.373213196615
24 41.918077788
3 0.806362613857
21 32.5249516771
11 9.52020065058
4 1.39288090127
2 0.373213196615
5 2.1283498063
7 4.03353914457
4 1.39288090127
2 0.373213196615
2 0.373213196615
3 0.806362613857
2 0.373213196615
6 3.00945168748
2 0.373213196615
7 4.03353914457
3 0.806362613857
7 4.03353914457
4 1.39288090127
5 2.1283498063
4 1.39288090127
26 48.8033193126
7 4.03353914457
10 7.94328234724
5 2.1283498063
13 13.0765256307
13 13.0765256307
58 224.136810605
26 48.8033193126
5 2.1283498063
1 0.1
3 0.806362613857
2 0.373213196615
2 0.373213196615
10 7.94328234724
6 3.00945168748
48 156.443798072
4 1.39288090127
4 1.39288090127
1 0.1
14 15.0537003781
13 13.0765256307
2 0.373213196615
1 0.1
28 56.1823963901
2 0.373213196615
24 41.918077788
2 0.373213196615
2 0.373213196615
2 0.373213196615
2 0.373213196615
9 6.50220665026
13 13.0765256307
3 0.806362613857
1 0.1
11 9.52020065058
1 0.1
4 1.39288090127
18 24.2670932899
2 0.373213196615
3 0.806362613857
2 0.373213196615
1 0.1
1 0.1
9 6.50220665026
6 3.00945168748
6 3.00945168748
3 0.806362613857
1 0.1
1 0.1
40 110.640462749
5 2.1283498063
4 1.39288090127
1 0.1
2 0.373213196615
4 1.39288090127
3 0.806362613857
2 0.373213196615
5 2.1283498063
1 0.1
33 76.7673388104
39 105.444213878
5 2.1283498063
1 0.1
1 0.1
3 0.806362613857
1 0.1
3 0.806362613857
3 0.806362613857
2 0.373213196615
1 0.1
2 0.373213196615
4 1.39288090127
7 4.03353914457
4 1.39288090127
2 0.373213196615
2 0.373213196615
2 0.373213196615
2 0.373213196615
2 0.373213196615
2 0.373213196615
2 0.373213196615
2 0.373213196615
10 7.94328234724
2 0.373213196615
3 0.806362613857
2 0.373213196615
10 7.94328234724
19 26.8925411482
1 0.1
2 0.373213196615
2 0.373213196615
8 5.19841533668
3 0.806362613857
1 0.1
1 0.1
1 0.1
3 0.806362613857
4 1.39288090127
2 0.373213196615
9 6.50220665026
8 5.19841533668
2 0.373213196615
2 0.373213196615
1 0.1
3 0.806362613857
3 0.806362613857
5 2.1283498063
3 0.806362613857
2 0.373213196615
2 0.373213196615
1 0.1
2 0.373213196615
3 0.806362613857
1 0.1
6 3.00945168748
1 0.1
2 0.373213196615
2 0.373213196615
7 4.03353914457
4 1.39288090127
2 0.373213196615
2 0.373213196615
1 0.1
2 0.373213196615
2 0.373213196615
2 0.373213196615
48 156.443798072
6 3.00945168748
1 0.1
4 1.39288090127
2 0.373213196615
9 6.50220665026
5 2.1283498063
11 9.52020065058
2 0.373213196615
5 2.1283498063
1 0.1
2 0.373213196615
3 0.806362613857
682 24220.9019648
1 0.1
3 0.806362613857
2 0.373213196615
2 0.373213196615
13 13.0765256307
2 0.373213196615
1 0.1
2 0.373213196615
3 0.806362613857
1 0.1
3 0.806362613857
4 1.39288090127
4 1.39288090127
3 0.806362613857
2 0.373213196615
3 0.806362613857
4 1.39288090127
5 2.1283498063
13 13.0765256307
2 0.373213196615
4 1.39288090127
3 0.806362613857
2 0.373213196615
8 5.19841533668
2 0.373213196615
2 0.373213196615
2 0.373213196615
2 0.373213196615
2 0.373213196615
6 3.00945168748
7 4.03353914457
1 0.1
6 3.00945168748
1 0.1
1 0.1
15 17.1622171301
9 6.50220665026
3 0.806362613857
1 0.1
2 0.373213196615
1 0.1
2 0.373213196615
3 0.806362613857
1 0.1
2 0.373213196615
4 1.39288090127
3 0.806362613857
2 0.373213196615
4 1.39288090127
10 7.94328234724
56 209.680117502
5 2.1283498063
18 24.2670932899
1 0.1
8 5.19841533668
1 0.1
2 0.373213196615
3 0.806362613857
2 0.373213196615
2 0.373213196615
4 1.39288090127
7 4.03353914457
2 0.373213196615
1 0.1
7 4.03353914457
8 5.19841533668
2 0.373213196615
5 2.1283498063
1 0.1
4 1.39288090127
5 2.1283498063
28 56.1823963901
2 0.373213196615
1 0.1
3 0.806362613857
3 0.806362613857
2 0.373213196615
1 0.1
2 0.373213196615
47 150.30932693
10 7.94328234724
3 0.806362613857
3 0.806362613857
2 0.373213196615
2 0.373213196615
9 6.50220665026
2 0.373213196615
1 0.1
3 0.806362613857
9 6.50220665026
4 1.39288090127
3 0.806362613857
2 0.373213196615
10 7.94328234724
1 0.1
3 0.806362613857
2 0.373213196615
2 0.373213196615
6 3.00945168748
3 0.806362613857
1 0.1
4 1.39288090127
1 0.1
6 3.00945168748
2 0.373213196615
7 4.03353914457
1 0.1
4 1.39288090127
3 0.806362613857
2 0.373213196615
3 0.806362613857
2 0.373213196615
1 0.1
1 0.1
2 0.373213196615
8 5.19841533668
2 0.373213196615
3 0.806362613857
3 0.806362613857
4 1.39288090127
4 1.39288090127
2 0.373213196615
4 1.39288090127
2 0.373213196615
4 1.39288090127
2 0.373213196615
1 0.1
1 0.1
2 0.373213196615
82 432.759210209
2 0.373213196615
2 0.373213196615
9 6.50220665026
2 0.373213196615
3 0.806362613857
20 29.6453779643
3 0.806362613857
1 0.1
12 11.2316708434
3 0.806362613857
1 0.1
2 0.373213196615
2 0.373213196615
1 0.1
18 24.2670932899
3 0.806362613857
5 2.1283498063
2 0.373213196615
3 0.806362613857
1 0.1
1 0.1
2 0.373213196615
13 13.0765256307
1 0.1
4 1.39288090127
4 1.39288090127
2 0.373213196615
2 0.373213196615
10 7.94328234724
2 0.373213196615
7 4.03353914457
3 0.806362613857
1 0.1
2 0.373213196615
3 0.806362613857
9 6.50220665026
2 0.373213196615
3 0.806362613857
1 0.1
3 0.806362613857
1 0.1
1 0.1
4 1.39288090127
1 0.1
13 13.0765256307
3 0.806362613857
3 0.806362613857
2 0.373213196615
18 24.2670932899
13 13.0765256307
2 0.373213196615
1277 79755.8788141
2 0.373213196615
6 3.00945168748
3 0.806362613857
2 0.373213196615
2 0.373213196615
2 0.373213196615
64 270.235220126
16 19.4011720513
2 0.373213196615
2 0.373213196615
1 0.1
3 0.806362613857
2 0.373213196615
4 1.39288090127
4 1.39288090127
2 0.373213196615
2 0.373213196615
2 0.373213196615
22 35.5306451722
3 0.806362613857
2 0.373213196615
1 0.1
5 2.1283498063
5 2.1283498063
4 1.39288090127
2 0.373213196615
1 0.1
2 0.373213196615
4 1.39288090127
2 0.373213196615
5 2.1283498063
3 0.806362613857
40 110.640462749
3 0.806362613857
5 2.1283498063
2 0.373213196615
2 0.373213196615
6 3.00945168748
75 365.272015046
5 2.1283498063
2 0.373213196615
2 0.373213196615
2 0.373213196615
2 0.373213196615
2 0.373213196615
6 3.00945168748
3 0.806362613857
4 1.39288090127
4 1.39288090127
7 4.03353914457
5 2.1283498063
2 0.373213196615
1 0.1
1 0.1
3 0.806362613857
7 4.03353914457
3 0.806362613857
4 1.39288090127
6 3.00945168748
2 0.373213196615
4 1.39288090127
3 0.806362613857
2 0.373213196615
13 13.0765256307
2 0.373213196615
2 0.373213196615
1 0.1
2 0.373213196615
1 0.1
2 0.373213196615
4 1.39288090127
2 0.373213196615
5 2.1283498063
4 1.39288090127
2 0.373213196615
1 0.1
5 2.1283498063
1 0.1
1 0.1
3 0.806362613857
2 0.373213196615
2 0.373213196615
15 17.1622171301
2 0.373213196615
1 0.1
13 13.0765256307
2 0.373213196615
1 0.1
811 33661.9773165
56 209.680117502
3 0.806362613857
1 0.1
5 2.1283498063
1 0.1
3 0.806362613857
19 26.8925411482
2 0.373213196615
2 0.373213196615
2 0.373213196615
18 24.2670932899
11 9.52020065058
2 0.373213196615
2 0.373213196615
12 11.2316708434
2 0.373213196615
5 2.1283498063
18 24.2670932899
7 4.03353914457
4 1.39288090127
2 0.373213196615
8 5.19841533668
1 0.1
3 0.806362613857
1 0.1
1 0.1
3 0.806362613857
2 0.373213196615
3 0.806362613857
423 9773.42305159
3 0.806362613857
3 0.806362613857
3 0.806362613857
7 4.03353914457
2 0.373213196615
1 0.1
2 0.373213196615
9 6.50220665026
4 1.39288090127
1 0.1
6 3.00945168748
2 0.373213196615
2 0.373213196615
2 0.373213196615
2 0.373213196615
3 0.806362613857
2 0.373213196615
2 0.373213196615
32 72.4077343935
4 1.39288090127
3 0.806362613857
5 2.1283498063
37 95.4076668978
3 0.806362613857
1 0.1
4 1.39288090127
1 0.1
2 0.373213196615
223 2895.87118668
5 2.1283498063
3 0.806362613857
5 2.1283498063
3 0.806362613857
6 3.00945168748
4 1.39288090127
1 0.1
4 1.39288090127
1 0.1
2 0.373213196615
2 0.373213196615
1 0.1
2 0.373213196615
4 1.39288090127
5 2.1283498063
2 0.373213196615
7 4.03353914457
3 0.806362613857
5 2.1283498063
24 41.918077788
1 0.1
3 0.806362613857
1 0.1
2 0.373213196615
1 0.1
12 11.2316708434
4 1.39288090127
