2 0.246228882669
2 0.246228882669
5 0.810328298346
79 29.3032114323
2 0.246228882669
2 0.246228882669
3 0.417116751095
4 0.606286626604
5 0.810328298346
2 0.246228882669
17 3.97725647726
3 0.417116751095
2 0.246228882669
3 0.417116751095
3 0.417116751095
1 0.1
2 0.246228882669
11 2.25845005502
3 0.417116751095
2 0.246228882669
2 0.246228882669
5 0.810328298346
8 1.49285278646
1 0.1
4 0.606286626604
1 0.1
9 1.73986384044
1 0.1
10 1.99526231497
2 0.246228882669
8 1.49285278646
3 0.417116751095
1 0.1
16 3.67583473599
1 0.1
3 0.417116751095
1 0.1
2 0.246228882669
5 0.810328298346
2 0.246228882669
2 0.246228882669
8 1.49285278646
2 0.246228882669
1 0.1
2 0.246228882669
4 0.606286626604
2 0.246228882669
7 1.25495297376
2 0.246228882669
53 17.4404879108
23 5.89177545494
3 0.417116751095
2 0.246228882669
4 0.606286626604
2 0.246228882669
1 0.1
3 0.417116751095
2 0.246228882669
3 0.417116751095
3 0.417116751095
2 0.246228882669
6 1.02706191565
2 0.246228882669
23 5.89177545494
1 0.1
2 0.246228882669
1 0.1
2 0.246228882669
1 0.1
4 0.606286626604
2 0.246228882669
2 0.246228882669
6 1.02706191565
1 0.1
7 1.25495297376
128 54.8748012819
12 2.52892307921
17 3.97725647726
3 0.417116751095
29 7.96374595075
25 6.56631951101
7 1.25495297376
43 13.2895107334
11 2.25845005502
5 0.810328298346
1 0.1
6 1.02706191565
4 0.606286626604
2 0.246228882669
7 1.25495297376
2 0.246228882669
4 0.606286626604
1 0.1
1 0.1
4 0.606286626604
4 0.606286626604
2 0.246228882669
3 0.417116751095
14 3.09005668532
8 1.49285278646
1 0.1
13 2.80624999775
2 0.246228882669
1 0.1
1 0.1
15 3.38001507126
16 3.67583473599
3 0.417116751095
2 0.246228882669
1 0.1
2 0.246228882669
74 26.9154246187
3 0.417116751095
8 1.49285278646
1 0.1
2 0.246228882669
1 0.1
6 1.02706191565
2 0.246228882669
3 0.417116751095
3 0.417116751095
4 0.606286626604
3 0.417116751095
2 0.246228882669
2 0.246228882669
1 0.1
2 0.246228882669
10 1.99526231497
2 0.246228882669
2 0.246228882669
2 0.246228882669
10 1.99526231497
1 0.1
1 0.1
3 0.417116751095
2 0.246228882669
8 1.49285278646
1 0.1
2 0.246228882669
3 0.417116751095
2 0.246228882669
8 1.49285278646
1 0.1
46 14.5072528721
2 0.246228882669
4 0.606286626604
4 0.606286626604
3 0.417116751095
5 0.810328298346
2 0.246228882669
6 1.02706191565
2 0.246228882669
1 0.1
7 1.25495297376
2 0.246228882669
2 0.246228882669
20 4.91291210446
1 0.1
3 0.417116751095
7 1.25495297376
3 0.417116751095
6 1.02706191565
1 0.1
11 2.25845005502
7 1.25495297376
11 2.25845005502
7 1.25495297376
2 0.246228882669
37 10.9310590727
2 0.246228882669
1 0.1
3 0.417116751095
2 0.246228882669
1 0.1
2 0.246228882669
9 1.73986384044
6 1.02706191565
15 3.38001507126
4 0.606286626604
21 5.23461907193
5 0.810328298346
3 0.417116751095
130 55.9920486689
12 2.52892307921
1 0.1
2 0.246228882669
6 1.02706191565
2 0.246228882669
4 0.606286626604
1 0.1
2 0.246228882669
32 9.05096679919
10 1.99526231497
1 0.1
3 0.417116751095
11 2.25845005502
12 2.52892307921
7 1.25495297376
1 0.1
42 12.8891440528
4 0.606286626604
2 0.246228882669
3 0.417116751095
12 2.52892307921
4 0.606286626604
24 6.22693904151
1 0.1
4 0.606286626604
98 38.7787582635
3 0.417116751095
5 0.810328298346
2 0.246228882669
15 3.38001507126
1 0.1
2 0.246228882669
2 0.246228882669
8 1.49285278646
2 0.246228882669
6 1.02706191565
8 1.49285278646
2 0.246228882669
7 1.25495297376
3 0.417116751095
2 0.246228882669
2 0.246228882669
2 0.246228882669
2 0.246228882669
2 0.246228882669
3 0.417116751095
3 0.417116751095
4 0.606286626604
17 3.97725647726
3 0.417116751095
5 0.810328298346
1 0.1
19 4.59599641483
1 0.1
1 0.1
2 0.246228882669
2 0.246228882669
2 0.246228882669
3 0.417116751095
3 0.417116751095
4 0.606286626604
2 0.246228882669
2 0.246228882669
8 1.49285278646
5 0.810328298346
1 0.1
2 0.246228882669
3 0.417116751095
15 3.38001507126
5 0.810328298346
27 7.25726352471
14 3.09005668532
2 0.246228882669
4 0.606286626604
3 0.417116751095
3 0.417116751095
3 0.417116751095
3 0.417116751095
3 0.417116751095
8 1.49285278646
5 0.810328298346
2 0.246228882669
4 0.606286626604
36 10.5485617857
2 0.246228882669
13 2.80624999775
12 2.52892307921
38 11.3166706197
4 0.606286626604
2 0.246228882669
15 3.38001507126
2 0.246228882669
6 1.02706191565
2 0.246228882669
2 0.246228882669
7 1.25495297376
11 2.25845005502
2 0.246228882669
1 0.1
8 1.49285278646
2 0.246228882669
1 0.1
2 0.246228882669
13 2.80624999775
3 0.417116751095
5 0.810328298346
15 3.38001507126
1 0.1
2 0.246228882669
3 0.417116751095
2 0.246228882669
2 0.246228882669
2 0.246228882669
1 0.1
2 0.246228882669
47 14.9185706497
16 3.67583473599
2 0.246228882669
3 0.417116751095
1 0.1
16 3.67583473599
1 0.1
18 4.28404729427
6 1.02706191565
12 2.52892307921
2 0.246228882669
10 1.99526231497
2 0.246228882669
2 0.246228882669
6 1.02706191565
2 0.246228882669
1 0.1
3 0.417116751095
4 0.606286626604
1 0.1
4 0.606286626604
4 0.606286626604
2 0.246228882669
3 0.417116751095
3 0.417116751095
4 0.606286626604
2 0.246228882669
2 0.246228882669
8 1.49285278646
1 0.1
3 0.417116751095
1 0.1
2 0.246228882669
4 0.606286626604
1 0.1
20 4.91291210446
11 2.25845005502
1 0.1
1 0.1
2 0.246228882669
4 0.606286626604
146 65.11165173
17 3.97725647726
5 0.810328298346
1 0.1
2 0.246228882669
4 0.606286626604
3 0.417116751095
21 5.23461907193
17 3.97725647726
7 1.25495297376
4 0.606286626604
2 0.246228882669
2 0.246228882669
2 0.246228882669
3 0.417116751095
4 0.606286626604
4 0.606286626604
5 0.810328298346
88 33.7153345772
7 1.25495297376
5 0.810328298346
1 0.1
2 0.246228882669
35 10.1692390774
2 0.246228882669
519 338.623867205
2 0.246228882669
1 0.1
16 3.67583473599
7 1.25495297376
1 0.1
2 0.246228882669
3 0.417116751095
2 0.246228882669
2 0.246228882669
2 0.246228882669
2 0.246228882669
3 0.417116751095
3 0.417116751095
1 0.1
4 0.606286626604
2 0.246228882669
2 0.246228882669
2 0.246228882669
3 0.417116751095
2 0.246228882669
8 1.49285278646
2 0.246228882669
6 1.02706191565
1 0.1
20 4.91291210446
2 0.246228882669
3 0.417116751095
5 0.810328298346
3 0.417116751095
7 1.25495297376
7 1.25495297376
5 0.810328298346
2 0.246228882669
13 2.80624999775
3 0.417116751095
2 0.246228882669
1 0.1
4 0.606286626604
3 0.417116751095
1 0.1
2 0.246228882669
1 0.1
2 0.246228882669
1 0.1
4 0.606286626604
2 0.246228882669
10 1.99526231497
4 0.606286626604
3 0.417116751095
2 0.246228882669
11 2.25845005502
1 0.1
1 0.1
2 0.246228882669
9 1.73986384044
5 0.810328298346
3 0.417116751095
2 0.246228882669
28 7.60861205011
23 5.89177545494
7 1.25495297376
2 0.246228882669
9 1.73986384044
2 0.246228882669
1 0.1
2 0.246228882669
2 0.246228882669
2 0.246228882669
6 1.02706191565
22 5.56095633612
3 0.417116751095
6 1.02706191565
2 0.246228882669
3 0.417116751095
1 0.1
1 0.1
2 0.246228882669
2 0.246228882669
2 0.246228882669
1 0.1
2 0.246228882669
2 0.246228882669
2 0.246228882669
1 0.1
134 58.2419943496
2 0.246228882669
2 0.246228882669
2 0.246228882669
5 0.810328298346
3 0.417116751095
2 0.246228882669
3 0.417116751095
1 0.1
2 0.246228882669
2 0.246228882669
2 0.246228882669
5 0.810328298346
3 0.417116751095
2 0.246228882669
2 0.246228882669
1 0.1
6 1.02706191565
1 0.1
1 0.1
3 0.417116751095
1 0.1
2 0.246228882669
2 0.246228882669
1 0.1
1 0.1
8 1.49285278646
1 0.1
19 4.59599641483
1 0.1
2 0.246228882669
3 0.417116751095
3 0.417116751095
2 0.246228882669
3 0.417116751095
19 4.59599641483
1 0.1
4 0.606286626604
2 0.246228882669
2 0.246228882669
2 0.246228882669
7 1.25495297376
17 3.97725647726
2 0.246228882669
4 0.606286626604
4 0.606286626604
6 1.02706191565
1 0.1
3 0.417116751095
2 0.246228882669
1 0.1
6 1.02706191565
8 1.49285278646
8 1.49285278646
8 1.49285278646
4 0.606286626604
7 1.25495297376
5 0.810328298346
1 0.1
2 0.246228882669
7 1.25495297376
15 3.38001507126
3 0.417116751095
5 0.810328298346
1 0.1
3 0.417116751095
10 1.99526231497
2 0.246228882669
2 0.246228882669
2 0.246228882669
1 0.1
2 0.246228882669
6 1.02706191565
1 0.1
2 0.246228882669
2 0.246228882669
1 0.1
5 0.810328298346
6 1.02706191565
4 0.606286626604
3 0.417116751095
1 0.1
1 0.1
3 0.417116751095
2 0.246228882669
1 0.1
2 0.246228882669
2 0.246228882669
1 0.1
1 0.1
1 0.1
7 1.25495297376
6 1.02706191565
2 0.246228882669
1 0.1
2 0.246228882669
6 1.02706191565
2 0.246228882669
1 0.1
2 0.246228882669
4 0.606286626604
2 0.246228882669
4 0.606286626604
7 1.25495297376
27 7.25726352471
2 0.246228882669
2 0.246228882669
3 0.417116751095
23 5.89177545494
6 1.02706191565
4 0.606286626604
7 1.25495297376
1 0.1
19 4.59599641483
251 131.696986624
2 0.246228882669
13 2.80624999775
2 0.246228882669
4 0.606286626604
2 0.246228882669
374 221.173496076
3 0.417116751095
6 1.02706191565
2 0.246228882669
17 3.97725647726
2 0.246228882669
3 0.417116751095
9 1.73986384044
11 2.25845005502
5 0.810328298346
2 0.246228882669
1 0.1
1 0.1
2 0.246228882669
6 1.02706191565
9 1.73986384044
1 0.1
2 0.246228882669
1 0.1
2 0.246228882669
3 0.417116751095
58 19.6090426731
3 0.417116751095
1 0.1
3 0.417116751095
6 1.02706191565
4 0.606286626604
6 1.02706191565
1 0.1
3 0.417116751095
2 0.246228882669
29 7.96374595075
1 0.1
2 0.246228882669
4 0.606286626604
8 1.49285278646
1 0.1
3 0.417116751095
3 0.417116751095
12 2.52892307921
4 0.606286626604
2 0.246228882669
5 0.810328298346
2 0.246228882669
2 0.246228882669
8 1.49285278646
5 0.810328298346
3 0.417116751095
27 7.25726352471
1 0.1
2 0.246228882669
2 0.246228882669
35 10.1692390774
3 0.417116751095
3 0.417116751095
1 0.1
1 0.1
2 0.246228882669
11 2.25845005502
2 0.246228882669
1 0.1
5 0.810328298346
2 0.246228882669
8 1.49285278646
2 0.246228882669
2 0.246228882669
5 0.810328298346
1 0.1
2 0.246228882669
15 3.38001507126
2 0.246228882669
7 1.25495297376
2 0.246228882669
10 1.99526231497
3 0.417116751095
3 0.417116751095
1 0.1
1 0.1
2 0.246228882669
1 0.1
2 0.246228882669
2 0.246228882669
20 4.91291210446
3 0.417116751095
4 0.606286626604
8 1.49285278646
1 0.1
2 0.246228882669
2 0.246228882669
1 0.1
2 0.246228882669
7 1.25495297376
1 0.1
1 0.1
1 0.1
2 0.246228882669
3 0.417116751095
2 0.246228882669
26 6.90979801435
2 0.246228882669
2 0.246228882669
5 0.810328298346
2 0.246228882669
6 1.02706191565
1 0.1
1 0.1
4 0.606286626604
4 0.606286626604
2 0.246228882669
2 0.246228882669
1 0.1
3 0.417116751095
9 1.73986384044
2 0.246228882669
1 0.1
1 0.1
2 0.246228882669
10 1.99526231497
1 0.1
1 0.1
2 0.246228882669
5 0.810328298346
19 4.59599641483
1 0.1
2 0.246228882669
2 0.246228882669
1 0.1
2 0.246228882669
1 0.1
5 0.810328298346
25 6.56631951101
2 0.246228882669
20 4.91291210446
27 7.25726352471
2 0.246228882669
1 0.1
2 0.246228882669
1 0.1
1 0.1
1 0.1
2 0.246228882669
36 10.5485617857
2 0.246228882669
1 0.1
122 51.5546425286
1 0.1
4 0.606286626604
17 3.97725647726
2 0.246228882669
2 0.246228882669
3 0.417116751095
3 0.417116751095
3 0.417116751095
195 94.8516728612
3 0.417116751095
1 0.1
2 0.246228882669
2 0.246228882669
1 0.1
2 0.246228882669
11 2.25845005502
5 0.810328298346
6 1.02706191565
2 0.246228882669
7 1.25495297376
1 0.1
3 0.417116751095
3 0.417116751095
2 0.246228882669
3 0.417116751095
5 0.810328298346
13 2.80624999775
3 0.417116751095
2 0.246228882669
1 0.1
3 0.417116751095
6 1.02706191565
1 0.1
2 0.246228882669
2 0.246228882669
3 0.417116751095
1 0.1
1 0.1
2 0.246228882669
2 0.246228882669
1 0.1
3 0.417116751095
2 0.246228882669
1 0.1
4 0.606286626604
4 0.606286626604
1 0.1
5 0.810328298346
5 0.810328298346
1 0.1
2 0.246228882669
1 0.1
2 0.246228882669
3 0.417116751095
10 1.99526231497
1 0.1
1 0.1
3 0.417116751095
3 0.417116751095
3 0.417116751095
10 1.99526231497
2 0.246228882669
65 22.7398378541
2 0.246228882669
32 9.05096679919
1 0.1
2 0.246228882669
7 1.25495297376
14 3.09005668532
2 0.246228882669
1 0.1
10 1.99526231497
2 0.246228882669
4 0.606286626604
2 0.246228882669
4 0.606286626604
2 0.246228882669
5 0.810328298346
2 0.246228882669
5 0.810328298346
67 23.6535997395
2 0.246228882669
2 0.246228882669
10 1.99526231497
3 0.417116751095
1 0.1
1 0.1
3 0.417116751095
2 0.246228882669
8 1.49285278646
3 0.417116751095
2 0.246228882669
1 0.1
29 7.96374595075
2 0.246228882669
3 0.417116751095
5 0.810328298346
1 0.1
2 0.246228882669
2 0.246228882669
9 1.73986384044
3 0.417116751095
1 0.1
6 1.02706191565
21 5.23461907193
2 0.246228882669
7 1.25495297376
1 0.1
1 0.1
4 0.606286626604
2 0.246228882669
4 0.606286626604
15 3.38001507126
3 0.417116751095
1 0.1
1 0.1
2 0.246228882669
2 0.246228882669
2 0.246228882669
14 3.09005668532
1 0.1
3 0.417116751095
1 0.1
3 0.417116751095
3 0.417116751095
2 0.246228882669
2 0.246228882669
3 0.417116751095
4 0.606286626604
3 0.417116751095
3 0.417116751095
49 15.7490696636
6 1.02706191565
2 0.246228882669
2 0.246228882669
2 0.246228882669
3 0.417116751095
1 0.1
2 0.246228882669
3 0.417116751095
1 0.1
2 0.246228882669
2 0.246228882669
1 0.1
4 0.606286626604
5 0.810328298346
5 0.810328298346
7 1.25495297376
3 0.417116751095
8 1.49285278646
7 1.25495297376
2 0.246228882669
2 0.246228882669
1 0.1
14 3.09005668532
1 0.1
6 1.02706191565
5 0.810328298346
1 0.1
2 0.246228882669
1 0.1
10 1.99526231497
9 1.73986384044
2 0.246228882669
4 0.606286626604
1 0.1
8 1.49285278646
2 0.246228882669
12 2.52892307921
3 0.417116751095
1 0.1
8 1.49285278646
7 1.25495297376
4 0.606286626604
2 0.246228882669
3 0.417116751095
15 3.38001507126
1 0.1
1 0.1
71 25.5056181412
2 0.246228882669
2 0.246228882669
17 3.97725647726
1 0.1
18 4.28404729427
4 0.606286626604
16 3.67583473599
3 0.417116751095
2 0.246228882669
4 0.606286626604
2 0.246228882669
1 0.1
2 0.246228882669
2 0.246228882669
2 0.246228882669
1 0.1
1 0.1
1 0.1
3 0.417116751095
4 0.606286626604
2 0.246228882669
10 1.99526231497
2 0.246228882669
4 0.606286626604
3 0.417116751095
4 0.606286626604
3 0.417116751095
2 0.246228882669
2 0.246228882669
5 0.810328298346
2 0.246228882669
2 0.246228882669
162 74.5365897804
1 0.1
1 0.1
2 0.246228882669
1 0.1
4 0.606286626604
1 0.1
1 0.1
8 1.49285278646
1 0.1
3 0.417116751095
14 3.09005668532
2 0.246228882669
6 1.02706191565
3 0.417116751095
15 3.38001507126
2 0.246228882669
8 1.49285278646
42 12.8891440528
6 1.02706191565
2 0.246228882669
3 0.417116751095
6 1.02706191565
5 0.810328298346
2 0.246228882669
1 0.1
10 1.99526231497
2 0.246228882669
6 1.02706191565
2 0.246228882669
2 0.246228882669
3 0.417116751095
4 0.606286626604
8 1.49285278646
5 0.810328298346
5 0.810328298346
4 0.606286626604
1 0.1
3 0.417116751095
2 0.246228882669
4 0.606286626604
2 0.246228882669
5 0.810328298346
2 0.246228882669
2 0.246228882669
2 0.246228882669
2 0.246228882669
15 3.38001507126
1 0.1
1 0.1
3 0.417116751095
5 0.810328298346
11 2.25845005502
3 0.417116751095
6 1.02706191565
1 0.1
7 1.25495297376
2 0.246228882669
8 1.49285278646
2 0.246228882669
2 0.246228882669
4 0.606286626604
6 1.02706191565
2 0.246228882669
2 0.246228882669
2 0.246228882669
2 0.246228882669
2 0.246228882669
2 0.246228882669
3 0.417116751095
7 1.25495297376
2 0.246228882669
1 0.1
1 0.1
4 0.606286626604
1 0.1
18 4.28404729427
1 0.1
2 0.246228882669
3 0.417116751095
1 0.1
2 0.246228882669
2 0.246228882669
18 4.28404729427
4 0.606286626604
2 0.246228882669
1 0.1
8 1.49285278646
5 0.810328298346
2 0.246228882669
1 0.1
58 19.6090426731
2 0.246228882669
3 0.417116751095
3 0.417116751095
4 0.606286626604
6 1.02706191565
1 0.1
4 0.606286626604
1 0.1
2 0.246228882669
1 0.1
14 3.09005668532
4 0.606286626604
5 0.810328298346
2 0.246228882669
1 0.1
2 0.246228882669
5 0.810328298346
1 0.1
1 0.1
19 4.59599641483
2 0.246228882669
100 39.8107170553
1 0.1
2 0.246228882669
3 0.417116751095
2 0.246228882669
2 0.246228882669
2 0.246228882669
2 0.246228882669
2 0.246228882669
2 0.246228882669
6 1.02706191565
5 0.810328298346
3 0.417116751095
1 0.1
1 0.1
1 0.1
4 0.606286626604
1 0.1
3 0.417116751095
3 0.417116751095
2 0.246228882669
2 0.246228882669
1 0.1
2 0.246228882669
2 0.246228882669
5 0.810328298346
3 0.417116751095
2 0.246228882669
20 4.91291210446
2 0.246228882669
2 0.246228882669
2 0.246228882669
5 0.810328298346
4 0.606286626604
33 9.42037349462
4 0.606286626604
1 0.1
1 0.1
2 0.246228882669
3 0.417116751095
4 0.606286626604
8 1.49285278646
2 0.246228882669
3 0.417116751095
3 0.417116751095
8 1.49285278646
2 0.246228882669
2 0.246228882669
2 0.246228882669
13 2.80624999775
2 0.246228882669
2 0.246228882669
2 0.246228882669
2 0.246228882669
11 2.25845005502
4 0.606286626604
2 0.246228882669
2 0.246228882669
26 6.90979801435
8 1.49285278646
3 0.417116751095
17 3.97725647726
10 1.99526231497
1 0.1
5 0.810328298346
2 0.246228882669
5 0.810328298346
7 1.25495297376
2 0.246228882669
17 3.97725647726
2 0.246228882669
6 1.02706191565
10 1.99526231497
1 0.1
4 0.606286626604
3 0.417116751095
2 0.246228882669
1 0.1
5 0.810328298346
2 0.246228882669
3 0.417116751095
194 94.2198153776
3 0.417116751095
4 0.606286626604
2 0.246228882669
1 0.1
1 0.1
1 0.1
3 0.417116751095
2 0.246228882669
1 0.1
3 0.417116751095
1 0.1
18 4.28404729427
2 0.246228882669
11 2.25845005502
1 0.1
11 2.25845005502
1 0.1
2 0.246228882669
6 1.02706191565
7 1.25495297376
2 0.246228882669
10 1.99526231497
2 0.246228882669
7 1.25495297376
55 18.3008598999
5 0.810328298346
4 0.606286626604
2 0.246228882669
5 0.810328298346
11 2.25845005502
2 0.246228882669
2 0.246228882669
3 0.417116751095
4 0.606286626604
31 8.68500758326
4 0.606286626604
2 0.246228882669
8 1.49285278646
2 0.246228882669
3 0.417116751095
3 0.417116751095
4 0.606286626604
2 0.246228882669
2 0.246228882669
14 3.09005668532
4 0.606286626604
11 2.25845005502
23 5.89177545494
3 0.417116751095
3 0.417116751095
2 0.246228882669
2 0.246228882669
2 0.246228882669
11 2.25845005502
2 0.246228882669
3 0.417116751095
2 0.246228882669
2 0.246228882669
5 0.810328298346
4 0.606286626604
2 0.246228882669
20 4.91291210446
3 0.417116751095
40 12.0970085813
5 0.810328298346
2 0.246228882669
1 0.1
1 0.1
1 0.1
54 17.8694788892
3 0.417116751095
2 0.246228882669
2 0.246228882669
2 0.246228882669
1 0.1
4 0.606286626604
3 0.417116751095
1 0.1
12 2.52892307921
3 0.417116751095
2 0.246228882669
2 0.246228882669
5 0.810328298346
2 0.246228882669
2 0.246228882669
2 0.246228882669
3 0.417116751095
2 0.246228882669
3 0.417116751095
49 15.7490696636
4 0.606286626604
2 0.246228882669
2 0.246228882669
2 0.246228882669
1 0.1
1 0.1
3 0.417116751095
3 0.417116751095
26 6.90979801435
5 0.810328298346
1 0.1
5 0.810328298346
2 0.246228882669
11 2.25845005502
1 0.1
12 2.52892307921
1 0.1
3 0.417116751095
2 0.246228882669
21 5.23461907193
2 0.246228882669
12 2.52892307921
1 0.1
3 0.417116751095
2 0.246228882669
1 0.1
3 0.417116751095
13 2.80624999775
1 0.1
2 0.246228882669
2 0.246228882669
2 0.246228882669
5 0.810328298346
2 0.246228882669
4 0.606286626604
2 0.246228882669
5 0.810328298346
2 0.246228882669
4 0.606286626604
9 1.73986384044
4 0.606286626604
2 0.246228882669
2 0.246228882669
2 0.246228882669
1 0.1
2 0.246228882669
31 8.68500758326
4 0.606286626604
6 1.02706191565
9 1.73986384044
1 0.1
2 0.246228882669
1 0.1
2 0.246228882669
3 0.417116751095
1 0.1
1 0.1
1 0.1
3 0.417116751095
7 1.25495297376
5 0.810328298346
1 0.1
2 0.246228882669
2 0.246228882669
6 1.02706191565
2 0.246228882669
2 0.246228882669
3 0.417116751095
4 0.606286626604
1 0.1
8 1.49285278646
2 0.246228882669
10 1.99526231497
3 0.417116751095
13 2.80624999775
9 1.73986384044
1 0.1
3 0.417116751095
111 45.5952784644
2 0.246228882669
1 0.1
1 0.1
2 0.246228882669
2 0.246228882669
6 1.02706191565
2 0.246228882669
2 0.246228882669
1 0.1
2 0.246228882669
8 1.49285278646
6 1.02706191565
4 0.606286626604
2 0.246228882669
15 3.38001507126
1 0.1
2 0.246228882669
3 0.417116751095
2 0.246228882669
9 1.73986384044
2 0.246228882669
1 0.1
4 0.606286626604
3 0.417116751095
2 0.246228882669
1 0.1
12 2.52892307921
2 0.246228882669
1 0.1
2 0.246228882669
2 0.246228882669
5 0.810328298346
1 0.1
3 0.417116751095
8 1.49285278646
4 0.606286626604
6 1.02706191565
3 0.417116751095
2 0.246228882669
1 0.1
5 0.810328298346
1 0.1
3 0.417116751095
4 0.606286626604
2 0.246228882669
12 2.52892307921
2 0.246228882669
3 0.417116751095
2 0.246228882669
4 0.606286626604
2 0.246228882669
7 1.25495297376
4 0.606286626604
1 0.1
2 0.246228882669
3 0.417116751095
1 0.1
20 4.91291210446
2 0.246228882669
4 0.606286626604
2 0.246228882669
3 0.417116751095
2 0.246228882669
4 0.606286626604
3 0.417116751095
3 0.417116751095
5 0.810328298346
2 0.246228882669
4 0.606286626604
3 0.417116751095
1 0.1
1 0.1
2 0.246228882669
4 0.606286626604
4 0.606286626604
1 0.1
4 0.606286626604
4 0.606286626604
1 0.1
2 0.246228882669
2 0.246228882669
2 0.246228882669
3 0.417116751095
2 0.246228882669
2 0.246228882669
6 1.02706191565
4 0.606286626604
1 0.1
2 0.246228882669
10 1.99526231497
1 0.1
2 0.246228882669
2 0.246228882669
3 0.417116751095
1 0.1
3 0.417116751095
1 0.1
2 0.246228882669
2 0.246228882669
38 11.3166706197
3 0.417116751095
3 0.417116751095
79 29.3032114323
1 0.1
2 0.246228882669
13 2.80624999775
4 0.606286626604
2 0.246228882669
1 0.1
8 1.49285278646
3 0.417116751095
3 0.417116751095
2 0.246228882669
72 25.9736058226
3 0.417116751095
7 1.25495297376
3 0.417116751095
2 0.246228882669
2 0.246228882669
3 0.417116751095
2 0.246228882669
3 0.417116751095
1 0.1
9 1.73986384044
3 0.417116751095
1 0.1
10 1.99526231497
4 0.606286626604
10 1.99526231497
3 0.417116751095
5 0.810328298346
7 1.25495297376
3 0.417116751095
1 0.1
39 11.7053388182
2 0.246228882669
2 0.246228882669
3 0.417116751095
1 0.1
4 0.606286626604
4 0.606286626604
5 0.810328298346
280 151.811768928
3 0.417116751095
2 0.246228882669
206 101.865562215
10 1.99526231497
2 0.246228882669
3 0.417116751095
2 0.246228882669
6 1.02706191565
2 0.246228882669
7 1.25495297376
2 0.246228882669
6 1.02706191565
4 0.606286626604
3 0.417116751095
4 0.606286626604
23 5.89177545494
7 1.25495297376
2 0.246228882669
1 0.1
2 0.246228882669
2 0.246228882669
2 0.246228882669
5 0.810328298346
21 5.23461907193
2 0.246228882669
4 0.606286626604
6 1.02706191565
2 0.246228882669
4 0.606286626604
2 0.246228882669
5 0.810328298346
6 1.02706191565
5 0.810328298346
2 0.246228882669
2 0.246228882669
3 0.417116751095
1 0.1
1 0.1
2 0.246228882669
3 0.417116751095
9 1.73986384044
3 0.417116751095
8 1.49285278646
1 0.1
1 0.1
4 0.606286626604
13 2.80624999775
1 0.1
2 0.246228882669
4 0.606286626604
1 0.1
1 0.1
3 0.417116751095
2 0.246228882669
2 0.246228882669
1 0.1
4 0.606286626604
2 0.246228882669
2 0.246228882669
2 0.246228882669
1 0.1
5 0.810328298346
6 1.02706191565
5 0.810328298346
4 0.606286626604
2 0.246228882669
15 3.38001507126
2 0.246228882669
3 0.417116751095
3 0.417116751095
3 0.417116751095
50 16.1681751644
1 0.1
1 0.1
2 0.246228882669
10 1.99526231497
2 0.246228882669
1 0.1
4 0.606286626604
331 188.701951663
1 0.1
7 1.25495297376
82 30.7579940155
3 0.417116751095
1 0.1
6 1.02706191565
2 0.246228882669
2 0.246228882669
3 0.417116751095
1 0.1
2 0.246228882669
1 0.1
3 0.417116751095
3 0.417116751095
2 0.246228882669
2 0.246228882669
12 2.52892307921
12 2.52892307921
2 0.246228882669
2 0.246228882669
3 0.417116751095
33 9.42037349462
16 3.67583473599
7 1.25495297376
19 4.59599641483
2 0.246228882669
4 0.606286626604
4 0.606286626604
8 1.49285278646
3 0.417116751095
10 1.99526231497
3 0.417116751095
1 0.1
2 0.246228882669
3 0.417116751095
2 0.246228882669
5 0.810328298346
4 0.606286626604
2 0.246228882669
89 34.2142487582
22 5.56095633612
3 0.417116751095
9 1.73986384044
2 0.246228882669
2 0.246228882669
37 10.9310590727
2 0.246228882669
18 4.28404729427
4 0.606286626604
5 0.810328298346
2 0.246228882669
1 0.1
2 0.246228882669
1 0.1
20 4.91291210446
3 0.417116751095
1 0.1
7 1.25495297376
3 0.417116751095
1 0.1
2 0.246228882669
1 0.1
3 0.417116751095
12 2.52892307921
2 0.246228882669
6 1.02706191565
2 0.246228882669
2 0.246228882669
28 7.60861205011
7 1.25495297376
2 0.246228882669
2 0.246228882669
3 0.417116751095
3 0.417116751095
2 0.246228882669
1 0.1
1 0.1
5 0.810328298346
2 0.246228882669
4 0.606286626604
20 4.91291210446
3 0.417116751095
1 0.1
2 0.246228882669
2 0.246228882669
1 0.1
2 0.246228882669
16 3.67583473599
9 1.73986384044
4 0.606286626604
2 0.246228882669
15 3.38001507126
1 0.1
3 0.417116751095
3 0.417116751095
3 0.417116751095
1 0.1
6 1.02706191565
4 0.606286626604
3 0.417116751095
6 1.02706191565
5 0.810328298346
8 1.49285278646
2 0.246228882669
3 0.417116751095
4 0.606286626604
1 0.1
2 0.246228882669
2 0.246228882669
3 0.417116751095
1 0.1
2 0.246228882669
4 0.606286626604
1 0.1
9 1.73986384044
52 17.0139184454
2 0.246228882669
2 0.246228882669
3 0.417116751095
13 2.80624999775
2 0.246228882669
2 0.246228882669
51 16.5898030006
2 0.246228882669
4 0.606286626604
6 1.02706191565
6 1.02706191565
3 0.417116751095
1 0.1
6 1.02706191565
4 0.606286626604
5 0.810328298346
2 0.246228882669
1 0.1
1 0.1
2 0.246228882669
1 0.1
8 1.49285278646
1 0.1
3 0.417116751095
2 0.246228882669
1 0.1
1 0.1
1 0.1
2 0.246228882669
2 0.246228882669
1 0.1
24 6.22693904151
23 5.89177545494
1 0.1
3 0.417116751095
1 0.1
1 0.1
1 0.1
3 0.417116751095
1 0.1
6 1.02706191565
3 0.417116751095
15 3.38001507126
1 0.1
9 1.73986384044
2 0.246228882669
33 9.42037349462
6 1.02706191565
7 1.25495297376
2 0.246228882669
4 0.606286626604
2 0.246228882669
3 0.417116751095
40 12.0970085813
30 8.32257334402
2 0.246228882669
3 0.417116751095
2 0.246228882669
2 0.246228882669
6 1.02706191565
2 0.246228882669
5 0.810328298346
2 0.246228882669
1 0.1
2 0.246228882669
4 0.606286626604
6 1.02706191565
3 0.417116751095
1 0.1
1 0.1
13 2.80624999775
4 0.606286626604
22 5.56095633612
2 0.246228882669
1 0.1
35 10.1692390774
9 1.73986384044
1 0.1
2 0.246228882669
1 0.1
3 0.417116751095
2 0.246228882669
4 0.606286626604
2 0.246228882669
2 0.246228882669
3 0.417116751095
2 0.246228882669
1 0.1
3 0.417116751095
4 0.606286626604
2 0.246228882669
3 0.417116751095
1 0.1
4 0.606286626604
6 1.02706191565
3 0.417116751095
1 0.1
2 0.246228882669
1 0.1
36 10.5485617857
3 0.417116751095
4 0.606286626604
38 11.3166706197
1 0.1
16 3.67583473599
1 0.1
3 0.417116751095
2 0.246228882669
2 0.246228882669
2 0.246228882669
156 70.9679038535
5 0.810328298346
1 0.1
4 0.606286626604
1 0.1
1 0.1
5 0.810328298346
1 0.1
1 0.1
1 0.1
4 0.606286626604
1 0.1
2 0.246228882669
2 0.246228882669
2 0.246228882669
2 0.246228882669
4 0.606286626604
5 0.810328298346
3 0.417116751095
1 0.1
6 1.02706191565
2 0.246228882669
1 0.1
2 0.246228882669
2 0.246228882669
1 0.1
2 0.246228882669
11 2.25845005502
2 0.246228882669
19 4.59599641483
2 0.246228882669
8 1.49285278646
1 0.1
1 0.1
2 0.246228882669
3 0.417116751095
9 1.73986384044
2 0.246228882669
5 0.810328298346
110 45.0620028503
3 0.417116751095
2 0.246228882669
2 0.246228882669
7 1.25495297376
3 0.417116751095
17 3.97725647726
2 0.246228882669
3 0.417116751095
2 0.246228882669
3 0.417116751095
1 0.1
2 0.246228882669
1 0.1
13 2.80624999775
2 0.246228882669
4 0.606286626604
2 0.246228882669
4 0.606286626604
1 0.1
13 2.80624999775
2 0.246228882669
3 0.417116751095
5 0.810328298346
2 0.246228882669
1 0.1
1 0.1
4 0.606286626604
2 0.246228882669
2 0.246228882669
2 0.246228882669
3 0.417116751095
3 0.417116751095
162 74.5365897804
6 1.02706191565
2 0.246228882669
6 1.02706191565
2 0.246228882669
1 0.1
2 0.246228882669
22 5.56095633612
4 0.606286626604
18 4.28404729427
3 0.417116751095
2 0.246228882669
3 0.417116751095
1 0.1
3 0.417116751095
5 0.810328298346
2 0.246228882669
1 0.1
2 0.246228882669
3 0.417116751095
2 0.246228882669
1 0.1
7 1.25495297376
2 0.246228882669
2 0.246228882669
1 0.1
1 0.1
3 0.417116751095
1 0.1
1 0.1
2 0.246228882669
2 0.246228882669
2 0.246228882669
2 0.246228882669
2 0.246228882669
18 4.28404729427
1 0.1
30 8.32257334402
25 6.56631951101
3 0.417116751095
3 0.417116751095
1 0.1
2 0.246228882669
5 0.810328298346
1 0.1
2 0.246228882669
95 37.2426595403
7 1.25495297376
7 1.25495297376
16 3.67583473599
10 1.99526231497
4 0.606286626604
3 0.417116751095
2 0.246228882669
3 0.417116751095
86 32.7226137911
1 0.1
3 0.417116751095
5 0.810328298346
1 0.1
5 0.810328298346
4 0.606286626604
120 50.4586491741
5 0.810328298346
2 0.246228882669
4 0.606286626604
4 0.606286626604
1 0.1
24 6.22693904151
2 0.246228882669
1 0.1
2 0.246228882669
5 0.810328298346
1 0.1
3 0.417116751095
2 0.246228882669
2 0.246228882669
2 0.246228882669
6 1.02706191565
1 0.1
2 0.246228882669
3 0.417116751095
16 3.67583473599
2 0.246228882669
2 0.246228882669
3 0.417116751095
1 0.1
10 1.99526231497
2 0.246228882669
2 0.246228882669
2 0.246228882669
8 1.49285278646
4 0.606286626604
2 0.246228882669
5 0.810328298346
9 1.73986384044
9 1.73986384044
5 0.810328298346
3 0.417116751095
3 0.417116751095
9 1.73986384044
2 0.246228882669
1 0.1
1 0.1
6 1.02706191565
2 0.246228882669
1 0.1
3 0.417116751095
2 0.246228882669
10 1.99526231497
1 0.1
3 0.417116751095
2 0.246228882669
2 0.246228882669
2 0.246228882669
2 0.246228882669
2 0.246228882669
1 0.1
3 0.417116751095
6 1.02706191565
2 0.246228882669
3 0.417116751095
10 1.99526231497
2 0.246228882669
4 0.606286626604
1 0.1
3 0.417116751095
2 0.246228882669
4 0.606286626604
179 84.8611553619
1 0.1
4 0.606286626604
2 0.246228882669
1 0.1
3 0.417116751095
4 0.606286626604
2 0.246228882669
3 0.417116751095
2 0.246228882669
1 0.1
1 0.1
20 4.91291210446
9 1.73986384044
3 0.417116751095
8 1.49285278646
5 0.810328298346
4 0.606286626604
7 1.25495297376
4 0.606286626604
13 2.80624999775
3 0.417116751095
1 0.1
3 0.417116751095
2 0.246228882669
9 1.73986384044
4 0.606286626604
2 0.246228882669
4 0.606286626604
1 0.1
2 0.246228882669
10 1.99526231497
15 3.38001507126
2 0.246228882669
2 0.246228882669
3 0.417116751095
2 0.246228882669
2 0.246228882669
26 6.90979801435
2 0.246228882669
4 0.606286626604
5 0.810328298346
3 0.417116751095
2 0.246228882669
2 0.246228882669
1 0.1
4 0.606286626604
9 1.73986384044
1 0.1
2 0.246228882669
1 0.1
6 1.02706191565
2 0.246228882669
2 0.246228882669
66 23.195680399
1 0.1
2 0.246228882669
3 0.417116751095
6 1.02706191565
5 0.810328298346
4 0.606286626604
2 0.246228882669
2 0.246228882669
2 0.246228882669
3 0.417116751095
1 0.1
2 0.246228882669
2 0.246228882669
1 0.1
3 0.417116751095
4 0.606286626604
21 5.23461907193
3 0.417116751095
7 1.25495297376
5 0.810328298346
3 0.417116751095
15 3.38001507126
2 0.246228882669
1 0.1
3 0.417116751095
2 0.246228882669
11 2.25845005502
1 0.1
4 0.606286626604
1 0.1
1 0.1
9 1.73986384044
4 0.606286626604
2 0.246228882669
9 1.73986384044
53 17.4404879108
8 1.49285278646
2 0.246228882669
50 16.1681751644
4 0.606286626604
3 0.417116751095
36 10.5485617857
1 0.1
1 0.1
2 0.246228882669
1 0.1
3 0.417116751095
1 0.1
4 0.606286626604
1 0.1
7 1.25495297376
2 0.246228882669
11 2.25845005502
5 0.810328298346
2 0.246228882669
11 2.25845005502
4 0.606286626604
2 0.246228882669
2 0.246228882669
3 0.417116751095
3 0.417116751095
3 0.417116751095
28 7.60861205011
1 0.1
3 0.417116751095
1 0.1
2 0.246228882669
2 0.246228882669
7 1.25495297376
2 0.246228882669
2 0.246228882669
29 7.96374595075
2 0.246228882669
8 1.49285278646
1 0.1
1 0.1
4 0.606286626604
3 0.417116751095
7 1.25495297376
1 0.1
1 0.1
8 1.49285278646
1 0.1
3 0.417116751095
4 0.606286626604
2 0.246228882669
9 1.73986384044
5 0.810328298346
2 0.246228882669
17 3.97725647726
2 0.246228882669
5 0.810328298346
2 0.246228882669
4 0.606286626604
19 4.59599641483
9 1.73986384044
4 0.606286626604
2 0.246228882669
1 0.1
4 0.606286626604
2 0.246228882669
1 0.1
6 1.02706191565
1 0.1
1 0.1
3 0.417116751095
1 0.1
2 0.246228882669
4 0.606286626604
1 0.1
23 5.89177545494
50 16.1681751644
2 0.246228882669
8 1.49285278646
2 0.246228882669
9 1.73986384044
9 1.73986384044
1 0.1
51 16.5898030006
5 0.810328298346
1 0.1
1 0.1
1 0.1
19 4.59599641483
3 0.417116751095
2 0.246228882669
125 53.2087451575
2 0.246228882669
1 0.1
2 0.246228882669
10 1.99526231497
3 0.417116751095
1 0.1
7 1.25495297376
2 0.246228882669
2 0.246228882669
4 0.606286626604
127 54.3181333878
7 1.25495297376
1 0.1
1 0.1
9 1.73986384044
9 1.73986384044
2 0.246228882669
3 0.417116751095
13 2.80624999775
5 0.810328298346
2 0.246228882669
2 0.246228882669
3 0.417116751095
8 1.49285278646
32 9.05096679919
1 0.1
15 3.38001507126
2 0.246228882669
226 114.90554075
14 3.09005668532
2 0.246228882669
2 0.246228882669
8 1.49285278646
6 1.02706191565
5 0.810328298346
2 0.246228882669
6 1.02706191565
10 1.99526231497
2 0.246228882669
3 0.417116751095
2 0.246228882669
3 0.417116751095
2 0.246228882669
6 1.02706191565
4 0.606286626604
2 0.246228882669
4 0.606286626604
2 0.246228882669
2 0.246228882669
1 0.1
2 0.246228882669
8 1.49285278646
6 1.02706191565
6 1.02706191565
3 0.417116751095
2 0.246228882669
32 9.05096679919
46 14.5072528721
1 0.1
3 0.417116751095
3 0.417116751095
3 0.417116751095
2 0.246228882669
1 0.1
1 0.1
4 0.606286626604
1 0.1
2 0.246228882669
2 0.246228882669
1 0.1
2 0.246228882669
5 0.810328298346
28 7.60861205011
3 0.417116751095
1 0.1
68 24.1135741274
2 0.246228882669
9 1.73986384044
3 0.417116751095
4 0.606286626604
4 0.606286626604
5 0.810328298346
3 0.417116751095
11 2.25845005502
4 0.606286626604
1 0.1
1 0.1
2 0.246228882669
4 0.606286626604
13 2.80624999775
1 0.1
1 0.1
2 0.246228882669
2 0.246228882669
28 7.60861205011
3 0.417116751095
2 0.246228882669
1 0.1
12 2.52892307921
6 1.02706191565
1 0.1
9 1.73986384044
2 0.246228882669
10 1.99526231497
2 0.246228882669
4 0.606286626604
2 0.246228882669
10 1.99526231497
8 1.49285278646
1 0.1
16 3.67583473599
15 3.38001507126
11 2.25845005502
5 0.810328298346
3 0.417116751095
7 1.25495297376
2 0.246228882669
2 0.246228882669
1 0.1
2 0.246228882669
1 0.1
1 0.1
2 0.246228882669
4 0.606286626604
3 0.417116751095
1 0.1
6 1.02706191565
2 0.246228882669
2 0.246228882669
8 1.49285278646
2 0.246228882669
9 1.73986384044
1 0.1
2 0.246228882669
2 0.246228882669
12 2.52892307921
3 0.417116751095
2 0.246228882669
5 0.810328298346
3 0.417116751095
4 0.606286626604
2 0.246228882669
11 2.25845005502
2 0.246228882669
2 0.246228882669
3 0.417116751095
5 0.810328298346
2 0.246228882669
16 3.67583473599
3 0.417116751095
2 0.246228882669
3 0.417116751095
4 0.606286626604
2 0.246228882669
4 0.606286626604
2 0.246228882669
2 0.246228882669
1 0.1
1 0.1
4 0.606286626604
3 0.417116751095
1 0.1
2 0.246228882669
1 0.1
2 0.246228882669
6 1.02706191565
4 0.606286626604
3 0.417116751095
5 0.810328298346
2 0.246228882669
11 2.25845005502
27 7.25726352471
2 0.246228882669
1 0.1
52 17.0139184454
4 0.606286626604
121 51.0059665104
9 1.73986384044
2 0.246228882669
2 0.246228882669
2 0.246228882669
5 0.810328298346
2 0.246228882669
3 0.417116751095
2 0.246228882669
1 0.1
1 0.1
25 6.56631951101
1 0.1
1 0.1
3 0.417116751095
1 0.1
2 0.246228882669
111 45.5952784644
9 1.73986384044
3 0.417116751095
4 0.606286626604
1 0.1
1 0.1
2 0.246228882669
1 0.1
1 0.1
2 0.246228882669
2 0.246228882669
2 0.246228882669
2 0.246228882669
8 1.49285278646
8 1.49285278646
1 0.1
3 0.417116751095
2 0.246228882669
4 0.606286626604
2 0.246228882669
2 0.246228882669
3 0.417116751095
7 1.25495297376
1 0.1
1 0.1
2 0.246228882669
8 1.49285278646
1 0.1
2 0.246228882669
14 3.09005668532
2 0.246228882669
2 0.246228882669
6 1.02706191565
32 9.05096679919
2 0.246228882669
11 2.25845005502
7 1.25495297376
1 0.1
5 0.810328298346
2 0.246228882669
4 0.606286626604
2 0.246228882669
2 0.246228882669
6 1.02706191565
2 0.246228882669
1 0.1
14 3.09005668532
2 0.246228882669
4 0.606286626604
3 0.417116751095
5 0.810328298346
1 0.1
2 0.246228882669
3 0.417116751095
2 0.246228882669
3 0.417116751095
3 0.417116751095
1 0.1
4 0.606286626604
2 0.246228882669
2 0.246228882669
3 0.417116751095
2 0.246228882669
1 0.1
2 0.246228882669
4 0.606286626604
3 0.417116751095
2 0.246228882669
2 0.246228882669
6 1.02706191565
4 0.606286626604
7 1.25495297376
5 0.810328298346
3 0.417116751095
5 0.810328298346
2 0.246228882669
2 0.246228882669
89 34.2142487582
4 0.606286626604
7 1.25495297376
2 0.246228882669
5 0.810328298346
2 0.246228882669
6 1.02706191565
15 3.38001507126
2 0.246228882669
1 0.1
1 0.1
10 1.99526231497
2 0.246228882669
1 0.1
1 0.1
4 0.606286626604
8 1.49285278646
2 0.246228882669
3 0.417116751095
2 0.246228882669
1 0.1
2 0.246228882669
2 0.246228882669
35 10.1692390774
3 0.417116751095
4 0.606286626604
19 4.59599641483
16 3.67583473599
13 2.80624999775
2 0.246228882669
7 1.25495297376
6 1.02706191565
1 0.1
6 1.02706191565
3 0.417116751095
2 0.246228882669
2 0.246228882669
8 1.49285278646
3 0.417116751095
4 0.606286626604
2 0.246228882669
3 0.417116751095
2 0.246228882669
1 0.1
3 0.417116751095
1 0.1
30 8.32257334402
4 0.606286626604
6 1.02706191565
11 2.25845005502
1 0.1
1 0.1
5 0.810328298346
4 0.606286626604
15 3.38001507126
2 0.246228882669
2 0.246228882669
2 0.246228882669
2 0.246228882669
1 0.1
1 0.1
4 0.606286626604
14 3.09005668532
4 0.606286626604
14 3.09005668532
50 16.1681751644
2 0.246228882669
2 0.246228882669
2 0.246228882669
3 0.417116751095
11 2.25845005502
4 0.606286626604
2 0.246228882669
5 0.810328298346
2 0.246228882669
3 0.417116751095
3 0.417116751095
3 0.417116751095
3 0.417116751095
3 0.417116751095
2 0.246228882669
4 0.606286626604
1 0.1
119 49.9126984356
3 0.417116751095
15 3.38001507126
2 0.246228882669
2 0.246228882669
2 0.246228882669
2 0.246228882669
24 6.22693904151
3 0.417116751095
21 5.23461907193
11 2.25845005502
4 0.606286626604
2 0.246228882669
5 0.810328298346
7 1.25495297376
4 0.606286626604
2 0.246228882669
2 0.246228882669
3 0.417116751095
2 0.246228882669
6 1.02706191565
2 0.246228882669
7 1.25495297376
3 0.417116751095
7 1.25495297376
4 0.606286626604
5 0.810328298346
4 0.606286626604
26 6.90979801435
7 1.25495297376
10 1.99526231497
5 0.810328298346
13 2.80624999775
13 2.80624999775
58 19.6090426731
26 6.90979801435
5 0.810328298346
1 0.1
3 0.417116751095
2 0.246228882669
2 0.246228882669
10 1.99526231497
6 1.02706191565
48 15.3325224264
4 0.606286626604
4 0.606286626604
1 0.1
14 3.09005668532
13 2.80624999775
2 0.246228882669
1 0.1
28 7.60861205011
2 0.246228882669
24 6.22693904151
2 0.246228882669
2 0.246228882669
2 0.246228882669
2 0.246228882669
9 1.73986384044
13 2.80624999775
3 0.417116751095
1 0.1
11 2.25845005502
1 0.1
4 0.606286626604
18 4.28404729427
2 0.246228882669
3 0.417116751095
2 0.246228882669
1 0.1
1 0.1
9 1.73986384044
6 1.02706191565
6 1.02706191565
3 0.417116751095
1 0.1
1 0.1
40 12.0970085813
5 0.810328298346
4 0.606286626604
1 0.1
2 0.246228882669
4 0.606286626604
3 0.417116751095
2 0.246228882669
5 0.810328298346
1 0.1
33 9.42037349462
39 11.7053388182
5 0.810328298346
1 0.1
1 0.1
3 0.417116751095
1 0.1
3 0.417116751095
3 0.417116751095
2 0.246228882669
1 0.1
2 0.246228882669
4 0.606286626604
7 1.25495297376
4 0.606286626604
2 0.246228882669
2 0.246228882669
2 0.246228882669
2 0.246228882669
2 0.246228882669
2 0.246228882669
2 0.246228882669
2 0.246228882669
10 1.99526231497
2 0.246228882669
3 0.417116751095
2 0.246228882669
10 1.99526231497
19 4.59599641483
1 0.1
2 0.246228882669
2 0.246228882669
8 1.49285278646
3 0.417116751095
1 0.1
1 0.1
1 0.1
3 0.417116751095
4 0.606286626604
2 0.246228882669
9 1.73986384044
8 1.49285278646
2 0.246228882669
2 0.246228882669
1 0.1
3 0.417116751095
3 0.417116751095
5 0.810328298346
3 0.417116751095
2 0.246228882669
2 0.246228882669
1 0.1
2 0.246228882669
3 0.417116751095
1 0.1
6 1.02706191565
1 0.1
2 0.246228882669
2 0.246228882669
7 1.25495297376
4 0.606286626604
2 0.246228882669
2 0.246228882669
1 0.1
2 0.246228882669
2 0.246228882669
2 0.246228882669
48 15.3325224264
6 1.02706191565
1 0.1
4 0.606286626604
2 0.246228882669
9 1.73986384044
5 0.810328298346
11 2.25845005502
2 0.246228882669
5 0.810328298346
1 0.1
2 0.246228882669
3 0.417116751095
682 482.969479494
1 0.1
3 0.417116751095
2 0.246228882669
2 0.246228882669
13 2.80624999775
2 0.246228882669
1 0.1
2 0.246228882669
3 0.417116751095
1 0.1
3 0.417116751095
4 0.606286626604
4 0.606286626604
3 0.417116751095
2 0.246228882669
3 0.417116751095
4 0.606286626604
5 0.810328298346
13 2.80624999775
2 0.246228882669
4 0.606286626604
3 0.417116751095
2 0.246228882669
8 1.49285278646
2 0.246228882669
2 0.246228882669
2 0.246228882669
2 0.246228882669
2 0.246228882669
6 1.02706191565
7 1.25495297376
1 0.1
6 1.02706191565
1 0.1
1 0.1
15 3.38001507126
9 1.73986384044
3 0.417116751095
1 0.1
2 0.246228882669
1 0.1
2 0.246228882669
3 0.417116751095
1 0.1
2 0.246228882669
4 0.606286626604
3 0.417116751095
2 0.246228882669
4 0.606286626604
10 1.99526231497
56 18.7346004376
5 0.810328298346
18 4.28404729427
1 0.1
8 1.49285278646
1 0.1
2 0.246228882669
3 0.417116751095
2 0.246228882669
2 0.246228882669
4 0.606286626604
7 1.25495297376
2 0.246228882669
1 0.1
7 1.25495297376
8 1.49285278646
2 0.246228882669
5 0.810328298346
1 0.1
4 0.606286626604
5 0.810328298346
28 7.60861205011
2 0.246228882669
1 0.1
3 0.417116751095
3 0.417116751095
2 0.246228882669
1 0.1
2 0.246228882669
47 14.9185706497
10 1.99526231497
3 0.417116751095
3 0.417116751095
2 0.246228882669
2 0.246228882669
9 1.73986384044
2 0.246228882669
1 0.1
3 0.417116751095
9 1.73986384044
4 0.606286626604
3 0.417116751095
2 0.246228882669
10 1.99526231497
1 0.1
3 0.417116751095
2 0.246228882669
2 0.246228882669
6 1.02706191565
3 0.417116751095
1 0.1
4 0.606286626604
1 0.1
6 1.02706191565
2 0.246228882669
7 1.25495297376
1 0.1
4 0.606286626604
3 0.417116751095
2 0.246228882669
3 0.417116751095
2 0.246228882669
1 0.1
1 0.1
2 0.246228882669
8 1.49285278646
2 0.246228882669
3 0.417116751095
3 0.417116751095
4 0.606286626604
4 0.606286626604
2 0.246228882669
4 0.606286626604
2 0.246228882669
4 0.606286626604
2 0.246228882669
1 0.1
1 0.1
2 0.246228882669
82 30.7579940155
2 0.246228882669
2 0.246228882669
9 1.73986384044
2 0.246228882669
3 0.417116751095
20 4.91291210446
3 0.417116751095
1 0.1
12 2.52892307921
3 0.417116751095
1 0.1
2 0.246228882669
2 0.246228882669
1 0.1
18 4.28404729427
3 0.417116751095
5 0.810328298346
2 0.246228882669
3 0.417116751095
1 0.1
1 0.1
2 0.246228882669
13 2.80624999775
1 0.1
4 0.606286626604
4 0.606286626604
2 0.246228882669
2 0.246228882669
10 1.99526231497
2 0.246228882669
7 1.25495297376
3 0.417116751095
1 0.1
2 0.246228882669
3 0.417116751095
9 1.73986384044
2 0.246228882669
3 0.417116751095
1 0.1
3 0.417116751095
1 0.1
1 0.1
4 0.606286626604
1 0.1
13 2.80624999775
3 0.417116751095
3 0.417116751095
2 0.246228882669
18 4.28404729427
13 2.80624999775
2 0.246228882669
1277 1091.5613919
2 0.246228882669
6 1.02706191565
3 0.417116751095
2 0.246228882669
2 0.246228882669
2 0.246228882669
64 22.2860944204
16 3.67583473599
2 0.246228882669
2 0.246228882669
1 0.1
3 0.417116751095
2 0.246228882669
4 0.606286626604
4 0.606286626604
2 0.246228882669
2 0.246228882669
2 0.246228882669
22 5.56095633612
3 0.417116751095
2 0.246228882669
1 0.1
5 0.810328298346
5 0.810328298346
4 0.606286626604
2 0.246228882669
1 0.1
2 0.246228882669
4 0.606286626604
2 0.246228882669
5 0.810328298346
3 0.417116751095
40 12.0970085813
3 0.417116751095
5 0.810328298346
2 0.246228882669
2 0.246228882669
6 1.02706191565
75 27.3892186108
5 0.810328298346
2 0.246228882669
2 0.246228882669
2 0.246228882669
2 0.246228882669
2 0.246228882669
6 1.02706191565
3 0.417116751095
4 0.606286626604
4 0.606286626604
7 1.25495297376
5 0.810328298346
2 0.246228882669
1 0.1
1 0.1
3 0.417116751095
7 1.25495297376
3 0.417116751095
4 0.606286626604
6 1.02706191565
2 0.246228882669
4 0.606286626604
3 0.417116751095
2 0.246228882669
13 2.80624999775
2 0.246228882669
2 0.246228882669
1 0.1
2 0.246228882669
1 0.1
2 0.246228882669
4 0.606286626604
2 0.246228882669
5 0.810328298346
4 0.606286626604
2 0.246228882669
1 0.1
5 0.810328298346
1 0.1
1 0.1
3 0.417116751095
2 0.246228882669
2 0.246228882669
15 3.38001507126
2 0.246228882669
1 0.1
13 2.80624999775
2 0.246228882669
1 0.1
811 604.960627473
56 18.7346004376
3 0.417116751095
1 0.1
5 0.810328298346
1 0.1
3 0.417116751095
19 4.59599641483
2 0.246228882669
2 0.246228882669
2 0.246228882669
18 4.28404729427
11 2.25845005502
2 0.246228882669
2 0.246228882669
12 2.52892307921
2 0.246228882669
5 0.810328298346
18 4.28404729427
7 1.25495297376
4 0.606286626604
2 0.246228882669
8 1.49285278646
1 0.1
3 0.417116751095
1 0.1
1 0.1
3 0.417116751095
2 0.246228882669
3 0.417116751095
423 259.562816245
3 0.417116751095
3 0.417116751095
3 0.417116751095
7 1.25495297376
2 0.246228882669
1 0.1
2 0.246228882669
9 1.73986384044
4 0.606286626604
1 0.1
6 1.02706191565
2 0.246228882669
2 0.246228882669
2 0.246228882669
2 0.246228882669
3 0.417116751095
2 0.246228882669
2 0.246228882669
32 9.05096679919
4 0.606286626604
3 0.417116751095
5 0.810328298346
37 10.9310590727
3 0.417116751095
1 0.1
4 0.606286626604
1 0.1
2 0.246228882669
223 112.926618042
5 0.810328298346
3 0.417116751095
5 0.810328298346
3 0.417116751095
6 1.02706191565
4 0.606286626604
1 0.1
4 0.606286626604
1 0.1
2 0.246228882669
2 0.246228882669
1 0.1
2 0.246228882669
4 0.606286626604
5 0.810328298346
2 0.246228882669
7 1.25495297376
3 0.417116751095
5 0.810328298346
24 6.22693904151
1 0.1
3 0.417116751095
1 0.1
2 0.246228882669
1 0.1
12 2.52892307921
4 0.606286626604
