171 79.9640797294
3 0.417116751095
5 0.810328298346
6 1.02706191565
5 0.810328298346
4 0.606286626604
3 0.417116751095
9 1.73986384044
6 1.02706191565
5 0.810328298346
5 0.810328298346
14 3.09005668532
3 0.417116751095
4 0.606286626604
4 0.606286626604
4 0.606286626604
7 1.25495297376
10 1.99526231497
10 1.99526231497
5 0.810328298346
3 0.417116751095
4 0.606286626604
8 1.49285278646
9 1.73986384044
22 5.56095633612
8 1.49285278646
3 0.417116751095
11 2.25845005502
6 1.02706191565
3 0.417116751095
4 0.606286626604
3 0.417116751095
10 1.99526231497
3 0.417116751095
5 0.810328298346
6 1.02706191565
5 0.810328298346
5 0.810328298346
8 1.49285278646
3 0.417116751095
7 1.25495297376
8 1.49285278646
15 3.38001507126
5 0.810328298346
19 4.59599641483
27 7.25726352471
6 1.02706191565
4 0.606286626604
9 1.73986384044
30 8.32257334402
7 1.25495297376
9 1.73986384044
43 13.2895107334
6 1.02706191565
7 1.25495297376
4 0.606286626604
13 2.80624999775
5 0.810328298346
3 0.417116751095
24 6.22693904151
5 0.810328298346
14 3.09005668532
4 0.606286626604
5 0.810328298346
7 1.25495297376
5 0.810328298346
4 0.606286626604
5 0.810328298346
4 0.606286626604
3 0.417116751095
10 1.99526231497
23 5.89177545494
4 0.606286626604
9 1.73986384044
10 1.99526231497
10 1.99526231497
8 1.49285278646
5 0.810328298346
7 1.25495297376
5 0.810328298346
5 0.810328298346
3 0.417116751095
9 1.73986384044
4 0.606286626604
5 0.810328298346
12 2.52892307921
15 3.38001507126
5 0.810328298346
4 0.606286626604
5 0.810328298346
6 1.02706191565
3 0.417116751095
5 0.810328298346
6 1.02706191565
4 0.606286626604
4 0.606286626604
50 16.1681751644
3 0.417116751095
4 0.606286626604
78 28.8219249847
4 0.606286626604
7 1.25495297376
5 0.810328298346
6 1.02706191565
4 0.606286626604
4 0.606286626604
4 0.606286626604
5 0.810328298346
6 1.02706191565
4 0.606286626604
6 1.02706191565
15 3.38001507126
7 1.25495297376
3 0.417116751095
4 0.606286626604
9 1.73986384044
4 0.606286626604
6 1.02706191565
8 1.49285278646
5 0.810328298346
10 1.99526231497
4 0.606286626604
8 1.49285278646
9 1.73986384044
10 1.99526231497
12 2.52892307921
5 0.810328298346
8 1.49285278646
3 0.417116751095
9 1.73986384044
7 1.25495297376
6 1.02706191565
7 1.25495297376
4 0.606286626604
15 3.38001507126
3 0.417116751095
10 1.99526231497
3 0.417116751095
7 1.25495297376
9 1.73986384044
6 1.02706191565
6 1.02706191565
9 1.73986384044
6 1.02706191565
4 0.606286626604
8 1.49285278646
4 0.606286626604
5 0.810328298346
7 1.25495297376
5 0.810328298346
14 3.09005668532
6 1.02706191565
15 3.38001507126
4 0.606286626604
4 0.606286626604
6 1.02706191565
3 0.417116751095
10 1.99526231497
4 0.606286626604
10 1.99526231497
4 0.606286626604
8 1.49285278646
4 0.606286626604
15 3.38001507126
20 4.91291210446
8 1.49285278646
5 0.810328298346
6 1.02706191565
9 1.73986384044
11 2.25845005502
13 2.80624999775
5 0.810328298346
4 0.606286626604
5 0.810328298346
6 1.02706191565
4 0.606286626604
6 1.02706191565
6 1.02706191565
6 1.02706191565
4 0.606286626604
5 0.810328298346
3 0.417116751095
4 0.606286626604
5 0.810328298346
3 0.417116751095
6 1.02706191565
8 1.49285278646
11 2.25845005502
44 13.6926806521
15 3.38001507126
5 0.810328298346
5 0.810328298346
5 0.810328298346
11 2.25845005502
7 1.25495297376
7 1.25495297376
5 0.810328298346
5 0.810328298346
4 0.606286626604
4 0.606286626604
43 13.2895107334
12 2.52892307921
7 1.25495297376
4 0.606286626604
11 2.25845005502
6 1.02706191565
4 0.606286626604
12 2.52892307921
5 0.810328298346
3 0.417116751095
4 0.606286626604
4 0.606286626604
11 2.25845005502
4 0.606286626604
6 1.02706191565
5 0.810328298346
5 0.810328298346
9 1.73986384044
7 1.25495297376
5 0.810328298346
14 3.09005668532
4 0.606286626604
4 0.606286626604
12 2.52892307921
4 0.606286626604
18 4.28404729427
4 0.606286626604
39 11.7053388182
5 0.810328298346
5 0.810328298346
48 15.3325224264
4 0.606286626604
5 0.810328298346
4 0.606286626604
13 2.80624999775
33 9.42037349462
4 0.606286626604
6 1.02706191565
6 1.02706191565
10 1.99526231497
4 0.606286626604
3 0.417116751095
5 0.810328298346
6 1.02706191565
3 0.417116751095
4 0.606286626604
4 0.606286626604
4 0.606286626604
5 0.810328298346
5 0.810328298346
17 3.97725647726
17 3.97725647726
4 0.606286626604
3 0.417116751095
4 0.606286626604
4 0.606286626604
7 1.25495297376
3 0.417116751095
5 0.810328298346
4 0.606286626604
31 8.68500758326
7 1.25495297376
10 1.99526231497
4 0.606286626604
5 0.810328298346
4 0.606286626604
4 0.606286626604
22 5.56095633612
8 1.49285278646
5 0.810328298346
7 1.25495297376
9 1.73986384044
5 0.810328298346
9 1.73986384044
6 1.02706191565
5 0.810328298346
9 1.73986384044
4 0.606286626604
6 1.02706191565
7 1.25495297376
4 0.606286626604
6 1.02706191565
4 0.606286626604
4 0.606286626604
4 0.606286626604
6 1.02706191565
5 0.810328298346
5 0.810328298346
5 0.810328298346
13 2.80624999775
7 1.25495297376
3 0.417116751095
7 1.25495297376
5 0.810328298346
13 2.80624999775
6 1.02706191565
4 0.606286626604
4 0.606286626604
3 0.417116751095
4 0.606286626604
4 0.606286626604
7 1.25495297376
3 0.417116751095
3 0.417116751095
4 0.606286626604
3 0.417116751095
4 0.606286626604
5 0.810328298346
5 0.810328298346
5 0.810328298346
7 1.25495297376
7 1.25495297376
4 0.606286626604
4 0.606286626604
8 1.49285278646
27 7.25726352471
9 1.73986384044
4 0.606286626604
14 3.09005668532
9 1.73986384044
4 0.606286626604
6 1.02706191565
5 0.810328298346
5 0.810328298346
34 9.79315418483
3 0.417116751095
9 1.73986384044
4 0.606286626604
4 0.606286626604
9 1.73986384044
6 1.02706191565
6 1.02706191565
4 0.606286626604
4 0.606286626604
3 0.417116751095
7 1.25495297376
5 0.810328298346
4 0.606286626604
4 0.606286626604
4 0.606286626604
12 2.52892307921
3 0.417116751095
5 0.810328298346
5 0.810328298346
11 2.25845005502
6 1.02706191565
4 0.606286626604
5 0.810328298346
7 1.25495297376
19 4.59599641483
5 0.810328298346
9 1.73986384044
12 2.52892307921
4 0.606286626604
5 0.810328298346
4 0.606286626604
6 1.02706191565
5 0.810328298346
4 0.606286626604
5 0.810328298346
3 0.417116751095
4 0.606286626604
4 0.606286626604
15 3.38001507126
3 0.417116751095
4 0.606286626604
4 0.606286626604
4 0.606286626604
3 0.417116751095
4 0.606286626604
3 0.417116751095
11 2.25845005502
4 0.606286626604
4 0.606286626604
6 1.02706191565
4 0.606286626604
9 1.73986384044
4 0.606286626604
5 0.810328298346
4 0.606286626604
5 0.810328298346
4 0.606286626604
4 0.606286626604
4 0.606286626604
34 9.79315418483
5 0.810328298346
5 0.810328298346
3 0.417116751095
3 0.417116751095
5 0.810328298346
4 0.606286626604
17 3.97725647726
5 0.810328298346
3 0.417116751095
4 0.606286626604
5 0.810328298346
7 1.25495297376
5 0.810328298346
8 1.49285278646
4 0.606286626604
6 1.02706191565
4 0.606286626604
5 0.810328298346
4 0.606286626604
5 0.810328298346
5 0.810328298346
9 1.73986384044
7 1.25495297376
19 4.59599641483
3 0.417116751095
3 0.417116751095
13 2.80624999775
4 0.606286626604
5 0.810328298346
6 1.02706191565
4 0.606286626604
3 0.417116751095
4 0.606286626604
4 0.606286626604
5 0.810328298346
4 0.606286626604
12 2.52892307921
28 7.60861205011
5 0.810328298346
8 1.49285278646
3 0.417116751095
5 0.810328298346
3 0.417116751095
4 0.606286626604
6 1.02706191565
4 0.606286626604
4 0.606286626604
5 0.810328298346
4 0.606286626604
5 0.810328298346
3 0.417116751095
6 1.02706191565
4 0.606286626604
4 0.606286626604
12 2.52892307921
14 3.09005668532
16 3.67583473599
3 0.417116751095
4 0.606286626604
9 1.73986384044
7 1.25495297376
3 0.417116751095
5 0.810328298346
13 2.80624999775
4 0.606286626604
4 0.606286626604
12 2.52892307921
3 0.417116751095
4 0.606286626604
4 0.606286626604
4 0.606286626604
14 3.09005668532
5 0.810328298346
6 1.02706191565
8 1.49285278646
3 0.417116751095
4 0.606286626604
5 0.810328298346
5 0.810328298346
4 0.606286626604
5 0.810328298346
4 0.606286626604
5 0.810328298346
4 0.606286626604
3 0.417116751095
6 1.02706191565
12 2.52892307921
5 0.810328298346
6 1.02706191565
4 0.606286626604
4 0.606286626604
9 1.73986384044
18 4.28404729427
4 0.606286626604
6 1.02706191565
4 0.606286626604
11 2.25845005502
6 1.02706191565
4 0.606286626604
4 0.606286626604
6 1.02706191565
9 1.73986384044
4 0.606286626604
7 1.25495297376
4 0.606286626604
11 2.25845005502
4 0.606286626604
4 0.606286626604
10 1.99526231497
35 10.1692390774
9 1.73986384044
6 1.02706191565
4 0.606286626604
5 0.810328298346
8 1.49285278646
7 1.25495297376
8 1.49285278646
3 0.417116751095
5 0.810328298346
93 36.2266214636
4 0.606286626604
5 0.810328298346
5 0.810328298346
5 0.810328298346
5 0.810328298346
4 0.606286626604
4 0.606286626604
4 0.606286626604
5 0.810328298346
4 0.606286626604
6 1.02706191565
8 1.49285278646
5 0.810328298346
4 0.606286626604
7 1.25495297376
7 1.25495297376
5 0.810328298346
13 2.80624999775
8 1.49285278646
4 0.606286626604
13 2.80624999775
4 0.606286626604
8 1.49285278646
7 1.25495297376
8 1.49285278646
5 0.810328298346
5 0.810328298346
9 1.73986384044
4 0.606286626604
9 1.73986384044
9 1.73986384044
5 0.810328298346
4 0.606286626604
58 19.6090426731
12 2.52892307921
4 0.606286626604
16 3.67583473599
5 0.810328298346
36 10.5485617857
8 1.49285278646
9 1.73986384044
4 0.606286626604
10 1.99526231497
3 0.417116751095
4 0.606286626604
8 1.49285278646
4 0.606286626604
3 0.417116751095
4 0.606286626604
6 1.02706191565
3 0.417116751095
4 0.606286626604
5 0.810328298346
4 0.606286626604
5 0.810328298346
9 1.73986384044
4 0.606286626604
4 0.606286626604
5 0.810328298346
11 2.25845005502
8 1.49285278646
14 3.09005668532
5 0.810328298346
15 3.38001507126
11 2.25845005502
4 0.606286626604
5 0.810328298346
10 1.99526231497
91 35.217117798
5 0.810328298346
5 0.810328298346
5 0.810328298346
6 1.02706191565
7 1.25495297376
11 2.25845005502
6 1.02706191565
6 1.02706191565
4 0.606286626604
7 1.25495297376
5 0.810328298346
5 0.810328298346
6 1.02706191565
4 0.606286626604
3 0.417116751095
6 1.02706191565
4 0.606286626604
3 0.417116751095
4 0.606286626604
8 1.49285278646
4 0.606286626604
9 1.73986384044
23 5.89177545494
7 1.25495297376
5 0.810328298346
6 1.02706191565
6 1.02706191565
7 1.25495297376
15 3.38001507126
6 1.02706191565
10 1.99526231497
9 1.73986384044
5 0.810328298346
4 0.606286626604
33 9.42037349462
4 0.606286626604
6 1.02706191565
5 0.810328298346
3 0.417116751095
5 0.810328298346
10 1.99526231497
4 0.606286626604
5 0.810328298346
8 1.49285278646
5 0.810328298346
6 1.02706191565
3 0.417116751095
6 1.02706191565
5 0.810328298346
16 3.67583473599
13 2.80624999775
3 0.417116751095
12 2.52892307921
7 1.25495297376
10 1.99526231497
4 0.606286626604
9 1.73986384044
5 0.810328298346
26 6.90979801435
3 0.417116751095
6 1.02706191565
4 0.606286626604
4 0.606286626604
27 7.25726352471
7 1.25495297376
4 0.606286626604
16 3.67583473599
4 0.606286626604
3 0.417116751095
5 0.810328298346
9 1.73986384044
18 4.28404729427
7 1.25495297376
8 1.49285278646
4 0.606286626604
4 0.606286626604
4 0.606286626604
7 1.25495297376
4 0.606286626604
4 0.606286626604
4 0.606286626604
4 0.606286626604
8 1.49285278646
4 0.606286626604
5 0.810328298346
8 1.49285278646
14 3.09005668532
36 10.5485617857
8 1.49285278646
17 3.97725647726
4 0.606286626604
14 3.09005668532
5 0.810328298346
5 0.810328298346
14 3.09005668532
13 2.80624999775
4 0.606286626604
5 0.810328298346
4 0.606286626604
5 0.810328298346
3 0.417116751095
6 1.02706191565
9 1.73986384044
4 0.606286626604
9 1.73986384044
5 0.810328298346
3 0.417116751095
27 7.25726352471
4 0.606286626604
4 0.606286626604
5 0.810328298346
17 3.97725647726
4 0.606286626604
4 0.606286626604
3 0.417116751095
3 0.417116751095
5 0.810328298346
4 0.606286626604
12 2.52892307921
26 6.90979801435
4 0.606286626604
6 1.02706191565
4 0.606286626604
18 4.28404729427
6 1.02706191565
6 1.02706191565
8 1.49285278646
5 0.810328298346
4 0.606286626604
8 1.49285278646
5 0.810328298346
5 0.810328298346
4 0.606286626604
6 1.02706191565
4 0.606286626604
3 0.417116751095
18 4.28404729427
5 0.810328298346
10 1.99526231497
5 0.810328298346
4 0.606286626604
5 0.810328298346
49 15.7490696636
6 1.02706191565
7 1.25495297376
4 0.606286626604
7 1.25495297376
8 1.49285278646
4 0.606286626604
6 1.02706191565
5 0.810328298346
4 0.606286626604
7 1.25495297376
8 1.49285278646
4 0.606286626604
7 1.25495297376
11 2.25845005502
8 1.49285278646
13 2.80624999775
41 12.4916271731
67 23.6535997395
3 0.417116751095
9 1.73986384044
3 0.417116751095
3 0.417116751095
5 0.810328298346
8 1.49285278646
59 20.0496878306
21 5.23461907193
5 0.810328298346
6 1.02706191565
5 0.810328298346
7 1.25495297376
6 1.02706191565
9 1.73986384044
7 1.25495297376
7 1.25495297376
6 1.02706191565
8 1.49285278646
7 1.25495297376
88 33.7153345772
4 0.606286626604
8 1.49285278646
5 0.810328298346
3 0.417116751095
4 0.606286626604
30 8.32257334402
10 1.99526231497
4 0.606286626604
4 0.606286626604
9 1.73986384044
4 0.606286626604
10 1.99526231497
15 3.38001507126
11 2.25845005502
5 0.810328298346
9 1.73986384044
4 0.606286626604
10 1.99526231497
5 0.810328298346
4 0.606286626604
7 1.25495297376
4 0.606286626604
4 0.606286626604
4 0.606286626604
5 0.810328298346
4 0.606286626604
13 2.80624999775
5 0.810328298346
10 1.99526231497
6 1.02706191565
3 0.417116751095
4 0.606286626604
4 0.606286626604
5 0.810328298346
4 0.606286626604
10 1.99526231497
13 2.80624999775
3 0.417116751095
4 0.606286626604
6 1.02706191565
4 0.606286626604
6 1.02706191565
16 3.67583473599
4 0.606286626604
6 1.02706191565
3 0.417116751095
19 4.59599641483
4 0.606286626604
4 0.606286626604
18 4.28404729427
44 13.6926806521
6 1.02706191565
5 0.810328298346
5 0.810328298346
13 2.80624999775
17 3.97725647726
4 0.606286626604
6 1.02706191565
7 1.25495297376
5 0.810328298346
6 1.02706191565
5 0.810328298346
18 4.28404729427
4 0.606286626604
7 1.25495297376
10 1.99526231497
13 2.80624999775
10 1.99526231497
4 0.606286626604
6 1.02706191565
5 0.810328298346
4 0.606286626604
5 0.810328298346
4 0.606286626604
19 4.59599641483
10 1.99526231497
3 0.417116751095
14 3.09005668532
4 0.606286626604
4 0.606286626604
17 3.97725647726
15 3.38001507126
3 0.417116751095
6 1.02706191565
5 0.810328298346
3 0.417116751095
6 1.02706191565
4 0.606286626604
3 0.417116751095
10 1.99526231497
5 0.810328298346
7 1.25495297376
5 0.810328298346
19 4.59599641483
5 0.810328298346
4 0.606286626604
9 1.73986384044
5 0.810328298346
7 1.25495297376
4 0.606286626604
5 0.810328298346
18 4.28404729427
5 0.810328298346
8 1.49285278646
6 1.02706191565
9 1.73986384044
6 1.02706191565
5 0.810328298346
4 0.606286626604
35 10.1692390774
5 0.810328298346
4 0.606286626604
12 2.52892307921
7 1.25495297376
4 0.606286626604
13 2.80624999775
9 1.73986384044
4 0.606286626604
6 1.02706191565
18 4.28404729427
8 1.49285278646
4 0.606286626604
6 1.02706191565
6 1.02706191565
4 0.606286626604
4 0.606286626604
4 0.606286626604
5 0.810328298346
4 0.606286626604
4 0.606286626604
4 0.606286626604
6 1.02706191565
7 1.25495297376
4 0.606286626604
13 2.80624999775
25 6.56631951101
4 0.606286626604
5 0.810328298346
7 1.25495297376
6 1.02706191565
4 0.606286626604
4 0.606286626604
16 3.67583473599
6 1.02706191565
8 1.49285278646
8 1.49285278646
4 0.606286626604
5 0.810328298346
4 0.606286626604
32 9.05096679919
4 0.606286626604
18 4.28404729427
20 4.91291210446
10 1.99526231497
4 0.606286626604
4 0.606286626604
4 0.606286626604
7 1.25495297376
15 3.38001507126
3 0.417116751095
7 1.25495297376
5 0.810328298346
4 0.606286626604
6 1.02706191565
3 0.417116751095
6 1.02706191565
7 1.25495297376
4 0.606286626604
3 0.417116751095
3 0.417116751095
12 2.52892307921
3 0.417116751095
4 0.606286626604
4 0.606286626604
5 0.810328298346
6 1.02706191565
9 1.73986384044
14 3.09005668532
7 1.25495297376
11 2.25845005502
4 0.606286626604
8 1.49285278646
5 0.810328298346
4 0.606286626604
3 0.417116751095
5 0.810328298346
8 1.49285278646
6 1.02706191565
4 0.606286626604
4 0.606286626604
65 22.7398378541
7 1.25495297376
4 0.606286626604
7 1.25495297376
4 0.606286626604
8 1.49285278646
5 0.810328298346
4 0.606286626604
42 12.8891440528
4 0.606286626604
12 2.52892307921
46 14.5072528721
10 1.99526231497
8 1.49285278646
12 2.52892307921
4 0.606286626604
5 0.810328298346
17 3.97725647726
9 1.73986384044
8 1.49285278646
5 0.810328298346
10 1.99526231497
4 0.606286626604
4 0.606286626604
11 2.25845005502
4 0.606286626604
4 0.606286626604
4 0.606286626604
3 0.417116751095
4 0.606286626604
6 1.02706191565
3 0.417116751095
8 1.49285278646
5 0.810328298346
7 1.25495297376
9 1.73986384044
4 0.606286626604
4 0.606286626604
5 0.810328298346
8 1.49285278646
4 0.606286626604
3 0.417116751095
4 0.606286626604
3 0.417116751095
4 0.606286626604
5 0.810328298346
5 0.810328298346
19 4.59599641483
4 0.606286626604
4 0.606286626604
4 0.606286626604
6 1.02706191565
5 0.810328298346
3 0.417116751095
4 0.606286626604
4 0.606286626604
10 1.99526231497
64 22.2860944204
8 1.49285278646
6 1.02706191565
97 38.2651354124
8 1.49285278646
6 1.02706191565
9 1.73986384044
13 2.80624999775
5 0.810328298346
10 1.99526231497
6 1.02706191565
5 0.810328298346
4 0.606286626604
4 0.606286626604
3 0.417116751095
7 1.25495297376
5 0.810328298346
75 27.3892186108
5 0.810328298346
4 0.606286626604
5 0.810328298346
20 4.91291210446
3 0.417116751095
5 0.810328298346
8 1.49285278646
4 0.606286626604
6 1.02706191565
6 1.02706191565
4 0.606286626604
4 0.606286626604
6 1.02706191565
8 1.49285278646
5 0.810328298346
4 0.606286626604
5 0.810328298346
9 1.73986384044
4 0.606286626604
5 0.810328298346
5 0.810328298346
15 3.38001507126
3 0.417116751095
6 1.02706191565
3 0.417116751095
15 3.38001507126
5 0.810328298346
4 0.606286626604
4 0.606286626604
4 0.606286626604
9 1.73986384044
31 8.68500758326
22 5.56095633612
40 12.0970085813
9 1.73986384044
9 1.73986384044
3 0.417116751095
11 2.25845005502
13 2.80624999775
6 1.02706191565
6 1.02706191565
6 1.02706191565
3 0.417116751095
8 1.49285278646
28 7.60861205011
9 1.73986384044
4 0.606286626604
6 1.02706191565
5 0.810328298346
5 0.810328298346
4 0.606286626604
8 1.49285278646
4 0.606286626604
53 17.4404879108
3 0.417116751095
5 0.810328298346
22 5.56095633612
4 0.606286626604
17 3.97725647726
5 0.810328298346
4 0.606286626604
4 0.606286626604
4 0.606286626604
12 2.52892307921
7 1.25495297376
9 1.73986384044
8 1.49285278646
5 0.810328298346
19 4.59599641483
4 0.606286626604
3 0.417116751095
3 0.417116751095
6 1.02706191565
6 1.02706191565
6 1.02706191565
76 27.8649116223
5 0.810328298346
24 6.22693904151
3 0.417116751095
4 0.606286626604
9 1.73986384044
4 0.606286626604
3 0.417116751095
3 0.417116751095
6 1.02706191565
9 1.73986384044
8 1.49285278646
7 1.25495297376
35 10.1692390774
8 1.49285278646
5 0.810328298346
34 9.79315418483
6 1.02706191565
3 0.417116751095
11 2.25845005502
4 0.606286626604
4 0.606286626604
4 0.606286626604
3 0.417116751095
5 0.810328298346
5 0.810328298346
4 0.606286626604
5 0.810328298346
4 0.606286626604
6 1.02706191565
3 0.417116751095
9 1.73986384044
5 0.810328298346
13 2.80624999775
14 3.09005668532
6 1.02706191565
4 0.606286626604
5 0.810328298346
33 9.42037349462
3 0.417116751095
4 0.606286626604
16 3.67583473599
8 1.49285278646
23 5.89177545494
4 0.606286626604
5 0.810328298346
4 0.606286626604
7 1.25495297376
4 0.606286626604
6 1.02706191565
7 1.25495297376
6 1.02706191565
35 10.1692390774
5 0.810328298346
12 2.52892307921
4 0.606286626604
5 0.810328298346
17 3.97725647726
4 0.606286626604
4 0.606286626604
3 0.417116751095
12 2.52892307921
4 0.606286626604
6 1.02706191565
3 0.417116751095
3 0.417116751095
25 6.56631951101
4 0.606286626604
14 3.09005668532
5 0.810328298346
12 2.52892307921
4 0.606286626604
5 0.810328298346
4 0.606286626604
4 0.606286626604
6 1.02706191565
4 0.606286626604
6 1.02706191565
8 1.49285278646
4 0.606286626604
7 1.25495297376
5 0.810328298346
6 1.02706191565
32 9.05096679919
5 0.810328298346
4 0.606286626604
6 1.02706191565
4 0.606286626604
4 0.606286626604
9 1.73986384044
6 1.02706191565
4 0.606286626604
11 2.25845005502
6 1.02706191565
5 0.810328298346
9 1.73986384044
8 1.49285278646
3 0.417116751095
7 1.25495297376
13 2.80624999775
5 0.810328298346
34 9.79315418483
3 0.417116751095
60 20.4925793543
4 0.606286626604
15 3.38001507126
4 0.606286626604
5 0.810328298346
18 4.28404729427
4 0.606286626604
15 3.38001507126
8 1.49285278646
3 0.417116751095
27 7.25726352471
5 0.810328298346
9 1.73986384044
5 0.810328298346
5 0.810328298346
7 1.25495297376
11 2.25845005502
4 0.606286626604
4 0.606286626604
6 1.02706191565
4 0.606286626604
19 4.59599641483
4 0.606286626604
5 0.810328298346
4 0.606286626604
7 1.25495297376
13 2.80624999775
9 1.73986384044
4 0.606286626604
20 4.91291210446
4 0.606286626604
5 0.810328298346
5 0.810328298346
4 0.606286626604
6 1.02706191565
4 0.606286626604
5 0.810328298346
4 0.606286626604
4 0.606286626604
6 1.02706191565
4 0.606286626604
6 1.02706191565
5 0.810328298346
5 0.810328298346
5 0.810328298346
4 0.606286626604
6 1.02706191565
7 1.25495297376
10 1.99526231497
21 5.23461907193
6 1.02706191565
3 0.417116751095
3 0.417116751095
4 0.606286626604
4 0.606286626604
3 0.417116751095
6 1.02706191565
5 0.810328298346
7 1.25495297376
6 1.02706191565
16 3.67583473599
5 0.810328298346
6 1.02706191565
4 0.606286626604
3 0.417116751095
15 3.38001507126
5 0.810328298346
6 1.02706191565
3 0.417116751095
4 0.606286626604
3 0.417116751095
6 1.02706191565
4 0.606286626604
9 1.73986384044
10 1.99526231497
4 0.606286626604
4 0.606286626604
4 0.606286626604
5 0.810328298346
5 0.810328298346
5 0.810328298346
21 5.23461907193
5 0.810328298346
7 1.25495297376
4 0.606286626604
4 0.606286626604
5 0.810328298346
7 1.25495297376
7 1.25495297376
11 2.25845005502
5 0.810328298346
6 1.02706191565
33 9.42037349462
6 1.02706191565
8 1.49285278646
6 1.02706191565
9 1.73986384044
12 2.52892307921
5 0.810328298346
5 0.810328298346
4 0.606286626604
6 1.02706191565
16 3.67583473599
5 0.810328298346
5 0.810328298346
4 0.606286626604
26 6.90979801435
4 0.606286626604
5 0.810328298346
8 1.49285278646
3 0.417116751095
12 2.52892307921
5 0.810328298346
10 1.99526231497
5 0.810328298346
5 0.810328298346
4 0.606286626604
13 2.80624999775
21 5.23461907193
9 1.73986384044
4 0.606286626604
13 2.80624999775
6 1.02706191565
6 1.02706191565
17 3.97725647726
10 1.99526231497
7 1.25495297376
4 0.606286626604
5 0.810328298346
5 0.810328298346
4 0.606286626604
8 1.49285278646
19 4.59599641483
5 0.810328298346
5 0.810328298346
103 41.3702735075
6 1.02706191565
6 1.02706191565
4 0.606286626604
12 2.52892307921
5 0.810328298346
4 0.606286626604
11 2.25845005502
9 1.73986384044
4 0.606286626604
5 0.810328298346
13 2.80624999775
4 0.606286626604
15 3.38001507126
5 0.810328298346
9 1.73986384044
4 0.606286626604
4 0.606286626604
4 0.606286626604
23 5.89177545494
4 0.606286626604
3 0.417116751095
5 0.810328298346
8 1.49285278646
18 4.28404729427
7 1.25495297376
5 0.810328298346
8 1.49285278646
3 0.417116751095
14 3.09005668532
5 0.810328298346
64 22.2860944204
4 0.606286626604
3 0.417116751095
11 2.25845005502
4 0.606286626604
11 2.25845005502
4 0.606286626604
15 3.38001507126
7 1.25495297376
4 0.606286626604
5 0.810328298346
21 5.23461907193
5 0.810328298346
5 0.810328298346
19 4.59599641483
9 1.73986384044
4 0.606286626604
5 0.810328298346
5 0.810328298346
7 1.25495297376
5 0.810328298346
6 1.02706191565
4 0.606286626604
37 10.9310590727
3 0.417116751095
4 0.606286626604
9 1.73986384044
4 0.606286626604
3 0.417116751095
24 6.22693904151
4 0.606286626604
6 1.02706191565
4 0.606286626604
6 1.02706191565
3 0.417116751095
4 0.606286626604
4 0.606286626604
4 0.606286626604
16 3.67583473599
17 3.97725647726
5 0.810328298346
6 1.02706191565
4 0.606286626604
3 0.417116751095
4 0.606286626604
4 0.606286626604
6 1.02706191565
4 0.606286626604
4 0.606286626604
5 0.810328298346
16 3.67583473599
4 0.606286626604
7 1.25495297376
30 8.32257334402
4 0.606286626604
4 0.606286626604
4 0.606286626604
4 0.606286626604
5 0.810328298346
4 0.606286626604
5 0.810328298346
11 2.25845005502
7 1.25495297376
6 1.02706191565
5 0.810328298346
4 0.606286626604
4 0.606286626604
4 0.606286626604
4 0.606286626604
17 3.97725647726
3 0.417116751095
5 0.810328298346
8 1.49285278646
7 1.25495297376
5 0.810328298346
3 0.417116751095
5 0.810328298346
3 0.417116751095
7 1.25495297376
7 1.25495297376
9 1.73986384044
4 0.606286626604
3 0.417116751095
5 0.810328298346
5 0.810328298346
5 0.810328298346
5 0.810328298346
8 1.49285278646
4 0.606286626604
14 3.09005668532
4 0.606286626604
16 3.67583473599
6 1.02706191565
15 3.38001507126
4 0.606286626604
11 2.25845005502
6 1.02706191565
6 1.02706191565
10 1.99526231497
4 0.606286626604
3 0.417116751095
71 25.5056181412
4 0.606286626604
5 0.810328298346
9 1.73986384044
13 2.80624999775
5 0.810328298346
4 0.606286626604
4 0.606286626604
11 2.25845005502
22 5.56095633612
4 0.606286626604
10 1.99526231497
5 0.810328298346
14 3.09005668532
5 0.810328298346
17 3.97725647726
3 0.417116751095
4 0.606286626604
4 0.606286626604
5 0.810328298346
5 0.810328298346
4 0.606286626604
7 1.25495297376
4 0.606286626604
6 1.02706191565
5 0.810328298346
4 0.606286626604
4 0.606286626604
25 6.56631951101
3 0.417116751095
6 1.02706191565
14 3.09005668532
3 0.417116751095
11 2.25845005502
3 0.417116751095
13 2.80624999775
5 0.810328298346
3 0.417116751095
5 0.810328298346
4 0.606286626604
4 0.606286626604
36 10.5485617857
3 0.417116751095
5 0.810328298346
12 2.52892307921
10 1.99526231497
4 0.606286626604
3 0.417116751095
20 4.91291210446
13 2.80624999775
10 1.99526231497
4 0.606286626604
5 0.810328298346
3 0.417116751095
3 0.417116751095
3 0.417116751095
36 10.5485617857
14 3.09005668532
13 2.80624999775
17 3.97725647726
4 0.606286626604
5 0.810328298346
4 0.606286626604
4 0.606286626604
5 0.810328298346
4 0.606286626604
6 1.02706191565
4 0.606286626604
4 0.606286626604
4 0.606286626604
9 1.73986384044
4 0.606286626604
4 0.606286626604
19 4.59599641483
9 1.73986384044
4 0.606286626604
6 1.02706191565
7 1.25495297376
28 7.60861205011
3 0.417116751095
4 0.606286626604
4 0.606286626604
4 0.606286626604
7 1.25495297376
8 1.49285278646
11 2.25845005502
4 0.606286626604
4 0.606286626604
29 7.96374595075
18 4.28404729427
29 7.96374595075
5 0.810328298346
3 0.417116751095
3 0.417116751095
5 0.810328298346
4 0.606286626604
12 2.52892307921
32 9.05096679919
4 0.606286626604
16 3.67583473599
4 0.606286626604
4 0.606286626604
3 0.417116751095
20 4.91291210446
6 1.02706191565
22 5.56095633612
5 0.810328298346
4 0.606286626604
11 2.25845005502
13 2.80624999775
50 16.1681751644
9 1.73986384044
6 1.02706191565
7 1.25495297376
4 0.606286626604
23 5.89177545494
4 0.606286626604
5 0.810328298346
4 0.606286626604
4 0.606286626604
5 0.810328298346
4 0.606286626604
6 1.02706191565
8 1.49285278646
5 0.810328298346
4 0.606286626604
4 0.606286626604
4 0.606286626604
7 1.25495297376
6 1.02706191565
5 0.810328298346
9 1.73986384044
4 0.606286626604
4 0.606286626604
8 1.49285278646
7 1.25495297376
5 0.810328298346
4 0.606286626604
4 0.606286626604
4 0.606286626604
5 0.810328298346
3 0.417116751095
11 2.25845005502
4 0.606286626604
5 0.810328298346
6 1.02706191565
5 0.810328298346
3 0.417116751095
73 26.4435475742
5 0.810328298346
4 0.606286626604
12 2.52892307921
9 1.73986384044
10 1.99526231497
14 3.09005668532
4 0.606286626604
5 0.810328298346
4 0.606286626604
5 0.810328298346
11 2.25845005502
6 1.02706191565
4 0.606286626604
8 1.49285278646
5 0.810328298346
12 2.52892307921
7 1.25495297376
4 0.606286626604
107 43.4709279555
12 2.52892307921
4 0.606286626604
8 1.49285278646
5 0.810328298346
18 4.28404729427
4 0.606286626604
16 3.67583473599
6 1.02706191565
5 0.810328298346
4 0.606286626604
4 0.606286626604
4 0.606286626604
3 0.417116751095
6 1.02706191565
4 0.606286626604
5 0.810328298346
10 1.99526231497
4 0.606286626604
5 0.810328298346
4 0.606286626604
5 0.810328298346
37 10.9310590727
19 4.59599641483
11 2.25845005502
5 0.810328298346
4 0.606286626604
6 1.02706191565
5 0.810328298346
16 3.67583473599
23 5.89177545494
6 1.02706191565
6 1.02706191565
11 2.25845005502
3 0.417116751095
7 1.25495297376
7 1.25495297376
5 0.810328298346
4 0.606286626604
4 0.606286626604
7 1.25495297376
4 0.606286626604
4 0.606286626604
12 2.52892307921
26 6.90979801435
3 0.417116751095
9 1.73986384044
5 0.810328298346
4 0.606286626604
5 0.810328298346
5 0.810328298346
4 0.606286626604
3 0.417116751095
8 1.49285278646
5 0.810328298346
7 1.25495297376
50 16.1681751644
6 1.02706191565
5 0.810328298346
13 2.80624999775
25 6.56631951101
6 1.02706191565
6 1.02706191565
4 0.606286626604
12 2.52892307921
12 2.52892307921
4 0.606286626604
6 1.02706191565
3 0.417116751095
4 0.606286626604
4 0.606286626604
4 0.606286626604
3 0.417116751095
65 22.7398378541
10 1.99526231497
4 0.606286626604
12 2.52892307921
8 1.49285278646
7 1.25495297376
8 1.49285278646
3 0.417116751095
5 0.810328298346
4 0.606286626604
5 0.810328298346
4 0.606286626604
11 2.25845005502
4 0.606286626604
7 1.25495297376
7 1.25495297376
9 1.73986384044
9 1.73986384044
3 0.417116751095
10 1.99526231497
3 0.417116751095
5 0.810328298346
5 0.810328298346
15 3.38001507126
8 1.49285278646
5 0.810328298346
12 2.52892307921
5 0.810328298346
8 1.49285278646
10 1.99526231497
5 0.810328298346
3 0.417116751095
8 1.49285278646
3 0.417116751095
4 0.606286626604
460 289.457749493
5 0.810328298346
82 30.7579940155
5 0.810328298346
6 1.02706191565
5 0.810328298346
5 0.810328298346
14 3.09005668532
5 0.810328298346
4 0.606286626604
5 0.810328298346
9 1.73986384044
5 0.810328298346
5 0.810328298346
5 0.810328298346
3 0.417116751095
6 1.02706191565
10 1.99526231497
8 1.49285278646
4 0.606286626604
13 2.80624999775
11 2.25845005502
4 0.606286626604
4 0.606286626604
4 0.606286626604
6 1.02706191565
9 1.73986384044
5 0.810328298346
11 2.25845005502
4 0.606286626604
4 0.606286626604
4 0.606286626604
5 0.810328298346
4 0.606286626604
3 0.417116751095
4 0.606286626604
7 1.25495297376
6 1.02706191565
16 3.67583473599
6 1.02706191565
59 20.0496878306
4 0.606286626604
4 0.606286626604
6 1.02706191565
15 3.38001507126
4 0.606286626604
6 1.02706191565
4 0.606286626604
27 7.25726352471
24 6.22693904151
38 11.3166706197
4 0.606286626604
10 1.99526231497
3 0.417116751095
4 0.606286626604
3 0.417116751095
8 1.49285278646
11 2.25845005502
5 0.810328298346
6 1.02706191565
7 1.25495297376
11 2.25845005502
5 0.810328298346
31 8.68500758326
9 1.73986384044
11 2.25845005502
9 1.73986384044
5 0.810328298346
19 4.59599641483
8 1.49285278646
8 1.49285278646
4 0.606286626604
5 0.810328298346
5 0.810328298346
4 0.606286626604
6 1.02706191565
11 2.25845005502
44 13.6926806521
7 1.25495297376
18 4.28404729427
4 0.606286626604
4 0.606286626604
7 1.25495297376
5 0.810328298346
4 0.606286626604
6 1.02706191565
8 1.49285278646
4 0.606286626604
15 3.38001507126
4 0.606286626604
5 0.810328298346
10 1.99526231497
6 1.02706191565
5 0.810328298346
4 0.606286626604
11 2.25845005502
7 1.25495297376
4 0.606286626604
4 0.606286626604
28 7.60861205011
4 0.606286626604
6 1.02706191565
10 1.99526231497
4 0.606286626604
6 1.02706191565
3 0.417116751095
5 0.810328298346
7 1.25495297376
4 0.606286626604
8 1.49285278646
4 0.606286626604
7 1.25495297376
4 0.606286626604
3 0.417116751095
8 1.49285278646
13 2.80624999775
4 0.606286626604
9 1.73986384044
3 0.417116751095
9 1.73986384044
10 1.99526231497
5 0.810328298346
6 1.02706191565
9 1.73986384044
3 0.417116751095
3 0.417116751095
15 3.38001507126
14 3.09005668532
6 1.02706191565
5 0.810328298346
6 1.02706191565
7 1.25495297376
5 0.810328298346
6 1.02706191565
7 1.25495297376
9 1.73986384044
6 1.02706191565
25 6.56631951101
5 0.810328298346
9 1.73986384044
10 1.99526231497
7 1.25495297376
7 1.25495297376
4 0.606286626604
5 0.810328298346
11 2.25845005502
4 0.606286626604
4 0.606286626604
5 0.810328298346
8 1.49285278646
4 0.606286626604
6 1.02706191565
3 0.417116751095
28 7.60861205011
4 0.606286626604
4 0.606286626604
7 1.25495297376
6 1.02706191565
15 3.38001507126
5 0.810328298346
5 0.810328298346
11 2.25845005502
4 0.606286626604
8 1.49285278646
7 1.25495297376
3 0.417116751095
5 0.810328298346
5 0.810328298346
8 1.49285278646
3 0.417116751095
19 4.59599641483
5 0.810328298346
5 0.810328298346
4 0.606286626604
4 0.606286626604
7 1.25495297376
4 0.606286626604
4 0.606286626604
3 0.417116751095
9 1.73986384044
5 0.810328298346
3 0.417116751095
7 1.25495297376
12 2.52892307921
3 0.417116751095
4 0.606286626604
8 1.49285278646
3 0.417116751095
5 0.810328298346
12 2.52892307921
3 0.417116751095
4 0.606286626604
6 1.02706191565
4 0.606286626604
4 0.606286626604
4 0.606286626604
3 0.417116751095
28 7.60861205011
7 1.25495297376
3 0.417116751095
5 0.810328298346
4 0.606286626604
5 0.810328298346
6 1.02706191565
10 1.99526231497
9 1.73986384044
38 11.3166706197
10 1.99526231497
50 16.1681751644
4 0.606286626604
4 0.606286626604
37 10.9310590727
7 1.25495297376
4 0.606286626604
5 0.810328298346
4 0.606286626604
5 0.810328298346
4 0.606286626604
11 2.25845005502
3 0.417116751095
21 5.23461907193
13 2.80624999775
23 5.89177545494
4 0.606286626604
4 0.606286626604
5 0.810328298346
4 0.606286626604
9 1.73986384044
45 14.0986090518
4 0.606286626604
5 0.810328298346
5 0.810328298346
4 0.606286626604
6 1.02706191565
6 1.02706191565
14 3.09005668532
4 0.606286626604
4 0.606286626604
8 1.49285278646
5 0.810328298346
5 0.810328298346
3 0.417116751095
6 1.02706191565
28 7.60861205011
4 0.606286626604
4 0.606286626604
4 0.606286626604
23 5.89177545494
21 5.23461907193
7 1.25495297376
7 1.25495297376
12 2.52892307921
4 0.606286626604
3 0.417116751095
8 1.49285278646
6 1.02706191565
4 0.606286626604
3 0.417116751095
7 1.25495297376
15 3.38001507126
4 0.606286626604
9 1.73986384044
34 9.79315418483
5 0.810328298346
5 0.810328298346
18 4.28404729427
24 6.22693904151
4 0.606286626604
10 1.99526231497
26 6.90979801435
8 1.49285278646
602 410.653414865
6 1.02706191565
3 0.417116751095
4 0.606286626604
9 1.73986384044
9 1.73986384044
8 1.49285278646
4 0.606286626604
4 0.606286626604
6 1.02706191565
8 1.49285278646
5 0.810328298346
7 1.25495297376
4 0.606286626604
6 1.02706191565
15 3.38001507126
6 1.02706191565
6 1.02706191565
15 3.38001507126
10 1.99526231497
7 1.25495297376
6 1.02706191565
3 0.417116751095
10 1.99526231497
5 0.810328298346
7 1.25495297376
3 0.417116751095
6 1.02706191565
8 1.49285278646
5 0.810328298346
6 1.02706191565
7 1.25495297376
5 0.810328298346
5 0.810328298346
7 1.25495297376
4 0.606286626604
4 0.606286626604
5 0.810328298346
56 18.7346004376
5 0.810328298346
4 0.606286626604
11 2.25845005502
4 0.606286626604
7 1.25495297376
6 1.02706191565
80 29.7863290662
4 0.606286626604
19 4.59599641483
3 0.417116751095
8 1.49285278646
6 1.02706191565
10 1.99526231497
50 16.1681751644
4 0.606286626604
4 0.606286626604
6 1.02706191565
10 1.99526231497
7 1.25495297376
5 0.810328298346
5 0.810328298346
3 0.417116751095
6 1.02706191565
5 0.810328298346
31 8.68500758326
5 0.810328298346
3 0.417116751095
3 0.417116751095
3 0.417116751095
3 0.417116751095
5 0.810328298346
11 2.25845005502
51 16.5898030006
5 0.810328298346
5 0.810328298346
5 0.810328298346
4 0.606286626604
12 2.52892307921
13 2.80624999775
28 7.60861205011
4 0.606286626604
9 1.73986384044
27 7.25726352471
11 2.25845005502
4 0.606286626604
4 0.606286626604
3 0.417116751095
8 1.49285278646
4 0.606286626604
10 1.99526231497
5 0.810328298346
10 1.99526231497
5 0.810328298346
12 2.52892307921
9 1.73986384044
10 1.99526231497
5 0.810328298346
4 0.606286626604
22 5.56095633612
5 0.810328298346
9 1.73986384044
4 0.606286626604
5 0.810328298346
20 4.91291210446
5 0.810328298346
4 0.606286626604
13 2.80624999775
6 1.02706191565
3 0.417116751095
5 0.810328298346
3 0.417116751095
16 3.67583473599
6 1.02706191565
4 0.606286626604
16 3.67583473599
16 3.67583473599
9 1.73986384044
23 5.89177545494
4 0.606286626604
52 17.0139184454
4 0.606286626604
6 1.02706191565
14 3.09005668532
3 0.417116751095
7 1.25495297376
4 0.606286626604
7 1.25495297376
14 3.09005668532
5 0.810328298346
4 0.606286626604
3 0.417116751095
7 1.25495297376
10 1.99526231497
18 4.28404729427
12 2.52892307921
29 7.96374595075
5 0.810328298346
181 86.0958359791
5 0.810328298346
29 7.96374595075
12 2.52892307921
7 1.25495297376
8 1.49285278646
5 0.810328298346
4 0.606286626604
8 1.49285278646
4 0.606286626604
81 30.2712618327
3 0.417116751095
3 0.417116751095
4 0.606286626604
4 0.606286626604
4 0.606286626604
30 8.32257334402
8 1.49285278646
34 9.79315418483
4 0.606286626604
7 1.25495297376
6 1.02706191565
14 3.09005668532
8 1.49285278646
4 0.606286626604
47 14.9185706497
5 0.810328298346
9 1.73986384044
14 3.09005668532
6 1.02706191565
4 0.606286626604
7 1.25495297376
8 1.49285278646
9 1.73986384044
5 0.810328298346
13 2.80624999775
5 0.810328298346
4 0.606286626604
4 0.606286626604
151 68.025231979
6 1.02706191565
5 0.810328298346
6 1.02706191565
21 5.23461907193
3 0.417116751095
5 0.810328298346
5 0.810328298346
23 5.89177545494
5 0.810328298346
3 0.417116751095
4 0.606286626604
7 1.25495297376
4 0.606286626604
4 0.606286626604
4 0.606286626604
6 1.02706191565
8 1.49285278646
3 0.417116751095
8 1.49285278646
18 4.28404729427
22 5.56095633612
39 11.7053388182
7 1.25495297376
3 0.417116751095
9 1.73986384044
11 2.25845005502
4 0.606286626604
5 0.810328298346
10 1.99526231497
6 1.02706191565
9 1.73986384044
4 0.606286626604
15 3.38001507126
6 1.02706191565
3 0.417116751095
3 0.417116751095
9 1.73986384044
3 0.417116751095
35 10.1692390774
4 0.606286626604
11 2.25845005502
4 0.606286626604
5 0.810328298346
6 1.02706191565
4 0.606286626604
4 0.606286626604
3 0.417116751095
5 0.810328298346
13 2.80624999775
4 0.606286626604
10 1.99526231497
3 0.417116751095
6 1.02706191565
5 0.810328298346
4 0.606286626604
5 0.810328298346
8 1.49285278646
3 0.417116751095
4 0.606286626604
4 0.606286626604
4 0.606286626604
4 0.606286626604
7 1.25495297376
9 1.73986384044
7 1.25495297376
5 0.810328298346
3 0.417116751095
5 0.810328298346
19 4.59599641483
12 2.52892307921
5 0.810328298346
4 0.606286626604
5 0.810328298346
4 0.606286626604
20 4.91291210446
6 1.02706191565
7 1.25495297376
8 1.49285278646
8 1.49285278646
10 1.99526231497
65 22.7398378541
6 1.02706191565
6 1.02706191565
6 1.02706191565
3 0.417116751095
9 1.73986384044
10 1.99526231497
43 13.2895107334
4 0.606286626604
4 0.606286626604
4 0.606286626604
8 1.49285278646
7 1.25495297376
30 8.32257334402
8 1.49285278646
3 0.417116751095
4 0.606286626604
5 0.810328298346
9 1.73986384044
4 0.606286626604
4 0.606286626604
5 0.810328298346
4 0.606286626604
4 0.606286626604
4 0.606286626604
9 1.73986384044
4 0.606286626604
10 1.99526231497
4 0.606286626604
4 0.606286626604
5 0.810328298346
4 0.606286626604
31 8.68500758326
3 0.417116751095
4 0.606286626604
11 2.25845005502
4 0.606286626604
4 0.606286626604
5 0.810328298346
6 1.02706191565
14 3.09005668532
33 9.42037349462
6 1.02706191565
15 3.38001507126
4 0.606286626604
7 1.25495297376
4 0.606286626604
4 0.606286626604
4 0.606286626604
11 2.25845005502
4 0.606286626604
6 1.02706191565
4 0.606286626604
4 0.606286626604
11 2.25845005502
6 1.02706191565
11 2.25845005502
4 0.606286626604
3 0.417116751095
8 1.49285278646
32 9.05096679919
13 2.80624999775
9 1.73986384044
12 2.52892307921
6 1.02706191565
16 3.67583473599
10 1.99526231497
5 0.810328298346
14 3.09005668532
10 1.99526231497
6 1.02706191565
7 1.25495297376
6 1.02706191565
12 2.52892307921
3 0.417116751095
4 0.606286626604
5 0.810328298346
4 0.606286626604
5 0.810328298346
20 4.91291210446
11 2.25845005502
10 1.99526231497
4 0.606286626604
9 1.73986384044
9 1.73986384044
4 0.606286626604
4 0.606286626604
12 2.52892307921
4 0.606286626604
4 0.606286626604
8 1.49285278646
6 1.02706191565
9 1.73986384044
4 0.606286626604
6 1.02706191565
6 1.02706191565
13 2.80624999775
4 0.606286626604
19 4.59599641483
4 0.606286626604
248 129.654377711
149 66.8562709035
10 1.99526231497
6 1.02706191565
5 0.810328298346
70 25.0396037561
6 1.02706191565
4 0.606286626604
4 0.606286626604
3 0.417116751095
4 0.606286626604
5 0.810328298346
4 0.606286626604
7 1.25495297376
4 0.606286626604
9 1.73986384044
4 0.606286626604
15 3.38001507126
14 3.09005668532
21 5.23461907193
9 1.73986384044
3 0.417116751095
4 0.606286626604
4 0.606286626604
6 1.02706191565
4 0.606286626604
4 0.606286626604
22 5.56095633612
4 0.606286626604
4 0.606286626604
5 0.810328298346
10 1.99526231497
13 2.80624999775
4 0.606286626604
3 0.417116751095
3 0.417116751095
4 0.606286626604
14 3.09005668532
4 0.606286626604
7 1.25495297376
40 12.0970085813
4 0.606286626604
6 1.02706191565
29 7.96374595075
17 3.97725647726
6 1.02706191565
10 1.99526231497
8 1.49285278646
5 0.810328298346
8 1.49285278646
22 5.56095633612
4 0.606286626604
6 1.02706191565
6 1.02706191565
23 5.89177545494
4 0.606286626604
8 1.49285278646
7 1.25495297376
10 1.99526231497
4 0.606286626604
8 1.49285278646
4 0.606286626604
14 3.09005668532
5 0.810328298346
6 1.02706191565
6 1.02706191565
10 1.99526231497
24 6.22693904151
4 0.606286626604
3 0.417116751095
5 0.810328298346
5 0.810328298346
5 0.810328298346
16 3.67583473599
4 0.606286626604
5 0.810328298346
10 1.99526231497
10 1.99526231497
4 0.606286626604
6 1.02706191565
4 0.606286626604
8 1.49285278646
17 3.97725647726
9 1.73986384044
9 1.73986384044
4 0.606286626604
8 1.49285278646
4 0.606286626604
3 0.417116751095
5 0.810328298346
7 1.25495297376
7 1.25495297376
7 1.25495297376
5 0.810328298346
10 1.99526231497
9 1.73986384044
33 9.42037349462
6 1.02706191565
3 0.417116751095
5 0.810328298346
8 1.49285278646
15 3.38001507126
6 1.02706191565
8 1.49285278646
4 0.606286626604
4 0.606286626604
4 0.606286626604
4 0.606286626604
6 1.02706191565
4 0.606286626604
7 1.25495297376
5 0.810328298346
11 2.25845005502
63 21.834473005
8 1.49285278646
14 3.09005668532
4 0.606286626604
4 0.606286626604
5 0.810328298346
3 0.417116751095
4 0.606286626604
3 0.417116751095
5 0.810328298346
32 9.05096679919
5 0.810328298346
4 0.606286626604
4 0.606286626604
3 0.417116751095
5 0.810328298346
3 0.417116751095
7 1.25495297376
4 0.606286626604
99 39.2939558617
6 1.02706191565
10 1.99526231497
4 0.606286626604
5 0.810328298346
5 0.810328298346
11 2.25845005502
7 1.25495297376
10 1.99526231497
4 0.606286626604
8 1.49285278646
8 1.49285278646
12 2.52892307921
6 1.02706191565
11 2.25845005502
12 2.52892307921
3 0.417116751095
6 1.02706191565
7 1.25495297376
11 2.25845005502
4 0.606286626604
3 0.417116751095
4 0.606286626604
8 1.49285278646
4 0.606286626604
4 0.606286626604
3 0.417116751095
16 3.67583473599
3 0.417116751095
3 0.417116751095
4 0.606286626604
5 0.810328298346
19 4.59599641483
3 0.417116751095
8 1.49285278646
26 6.90979801435
7 1.25495297376
5 0.810328298346
4 0.606286626604
10 1.99526231497
3 0.417116751095
7 1.25495297376
9 1.73986384044
7 1.25495297376
6 1.02706191565
295 162.468294221
3 0.417116751095
13 2.80624999775
9 1.73986384044
4 0.606286626604
7 1.25495297376
4 0.606286626604
7 1.25495297376
7 1.25495297376
3 0.417116751095
3 0.417116751095
5 0.810328298346
23 5.89177545494
13 2.80624999775
8 1.49285278646
9 1.73986384044
4 0.606286626604
6 1.02706191565
5 0.810328298346
14 3.09005668532
48 15.3325224264
4 0.606286626604
9 1.73986384044
7 1.25495297376
4 0.606286626604
14 3.09005668532
5 0.810328298346
5 0.810328298346
8 1.49285278646
4 0.606286626604
7 1.25495297376
11 2.25845005502
8 1.49285278646
5 0.810328298346
3 0.417116751095
4 0.606286626604
31 8.68500758326
4 0.606286626604
3 0.417116751095
6 1.02706191565
4 0.606286626604
3 0.417116751095
4 0.606286626604
4 0.606286626604
6 1.02706191565
4 0.606286626604
25 6.56631951101
8 1.49285278646
8 1.49285278646
7 1.25495297376
3 0.417116751095
5 0.810328298346
4 0.606286626604
4 0.606286626604
4 0.606286626604
8 1.49285278646
4 0.606286626604
4 0.606286626604
11 2.25845005502
4 0.606286626604
5 0.810328298346
28 7.60861205011
8 1.49285278646
4 0.606286626604
5 0.810328298346
5 0.810328298346
15 3.38001507126
4 0.606286626604
4 0.606286626604
4 0.606286626604
11 2.25845005502
23 5.89177545494
7 1.25495297376
3 0.417116751095
4 0.606286626604
6 1.02706191565
7 1.25495297376
5 0.810328298346
4 0.606286626604
4 0.606286626604
3 0.417116751095
3 0.417116751095
6 1.02706191565
5 0.810328298346
11 2.25845005502
5 0.810328298346
4 0.606286626604
5 0.810328298346
3 0.417116751095
5 0.810328298346
8 1.49285278646
5 0.810328298346
13 2.80624999775
4 0.606286626604
4 0.606286626604
4 0.606286626604
6 1.02706191565
4 0.606286626604
4 0.606286626604
15 3.38001507126
8 1.49285278646
3 0.417116751095
6 1.02706191565
3 0.417116751095
5 0.810328298346
18 4.28404729427
4 0.606286626604
5 0.810328298346
5 0.810328298346
3 0.417116751095
4 0.606286626604
8 1.49285278646
7 1.25495297376
6 1.02706191565
4 0.606286626604
64 22.2860944204
4 0.606286626604
5 0.810328298346
18 4.28404729427
10 1.99526231497
4 0.606286626604
62 21.384997132
6 1.02706191565
4 0.606286626604
24 6.22693904151
3 0.417116751095
11 2.25845005502
6 1.02706191565
15 3.38001507126
4 0.606286626604
3 0.417116751095
4 0.606286626604
4 0.606286626604
6 1.02706191565
3 0.417116751095
5 0.810328298346
3 0.417116751095
17 3.97725647726
9 1.73986384044
4 0.606286626604
4 0.606286626604
5 0.810328298346
3 0.417116751095
5 0.810328298346
6 1.02706191565
4 0.606286626604
11 2.25845005502
4 0.606286626604
6 1.02706191565
4 0.606286626604
7 1.25495297376
7 1.25495297376
5 0.810328298346
8 1.49285278646
3 0.417116751095
4 0.606286626604
8 1.49285278646
5 0.810328298346
5 0.810328298346
13 2.80624999775
3 0.417116751095
16 3.67583473599
7 1.25495297376
5 0.810328298346
3 0.417116751095
6 1.02706191565
4 0.606286626604
8 1.49285278646
6 1.02706191565
5 0.810328298346
4 0.606286626604
5 0.810328298346
6 1.02706191565
4 0.606286626604
12 2.52892307921
7 1.25495297376
4 0.606286626604
4 0.606286626604
3 0.417116751095
5 0.810328298346
5 0.810328298346
6 1.02706191565
5 0.810328298346
3 0.417116751095
5 0.810328298346
11 2.25845005502
3 0.417116751095
4 0.606286626604
9 1.73986384044
189 91.0752444173
4 0.606286626604
5 0.810328298346
7 1.25495297376
4 0.606286626604
13 2.80624999775
7 1.25495297376
13 2.80624999775
6 1.02706191565
4 0.606286626604
14 3.09005668532
3 0.417116751095
129 55.4327754077
3 0.417116751095
4 0.606286626604
8 1.49285278646
13 2.80624999775
5 0.810328298346
8 1.49285278646
7 1.25495297376
5 0.810328298346
7 1.25495297376
5 0.810328298346
12 2.52892307921
5 0.810328298346
4 0.606286626604
5 0.810328298346
4 0.606286626604
8 1.49285278646
8 1.49285278646
27 7.25726352471
6 1.02706191565
7 1.25495297376
3 0.417116751095
4 0.606286626604
7 1.25495297376
4 0.606286626604
11 2.25845005502
8 1.49285278646
20 4.91291210446
4 0.606286626604
7 1.25495297376
4 0.606286626604
5 0.810328298346
12 2.52892307921
3 0.417116751095
11 2.25845005502
10 1.99526231497
5 0.810328298346
3 0.417116751095
3 0.417116751095
3 0.417116751095
13 2.80624999775
6 1.02706191565
8 1.49285278646
5 0.810328298346
5 0.810328298346
4 0.606286626604
5 0.810328298346
33 9.42037349462
3 0.417116751095
7 1.25495297376
4 0.606286626604
5 0.810328298346
4 0.606286626604
4 0.606286626604
5 0.810328298346
11 2.25845005502
7 1.25495297376
4 0.606286626604
4 0.606286626604
4 0.606286626604
30 8.32257334402
8 1.49285278646
5 0.810328298346
4 0.606286626604
11 2.25845005502
3 0.417116751095
4 0.606286626604
3 0.417116751095
6 1.02706191565
4 0.606286626604
4 0.606286626604
35 10.1692390774
3 0.417116751095
4 0.606286626604
5 0.810328298346
8 1.49285278646
9 1.73986384044
12 2.52892307921
4 0.606286626604
9 1.73986384044
4 0.606286626604
8 1.49285278646
4 0.606286626604
5 0.810328298346
7 1.25495297376
10 1.99526231497
4 0.606286626604
4 0.606286626604
14 3.09005668532
4 0.606286626604
4 0.606286626604
73 26.4435475742
4 0.606286626604
13 2.80624999775
5 0.810328298346
5 0.810328298346
6 1.02706191565
10 1.99526231497
4 0.606286626604
8 1.49285278646
5 0.810328298346
32 9.05096679919
17 3.97725647726
4 0.606286626604
4 0.606286626604
4 0.606286626604
6 1.02706191565
12 2.52892307921
13 2.80624999775
6 1.02706191565
5 0.810328298346
4 0.606286626604
6 1.02706191565
7 1.25495297376
4 0.606286626604
4 0.606286626604
11 2.25845005502
4 0.606286626604
3 0.417116751095
10 1.99526231497
3 0.417116751095
3 0.417116751095
5 0.810328298346
6 1.02706191565
5 0.810328298346
8 1.49285278646
4 0.606286626604
6 1.02706191565
6 1.02706191565
6 1.02706191565
8 1.49285278646
3 0.417116751095
7 1.25495297376
5 0.810328298346
4 0.606286626604
4 0.606286626604
4 0.606286626604
11 2.25845005502
3 0.417116751095
4 0.606286626604
9 1.73986384044
4 0.606286626604
4 0.606286626604
9 1.73986384044
9 1.73986384044
26 6.90979801435
16 3.67583473599
15 3.38001507126
4 0.606286626604
4 0.606286626604
4 0.606286626604
13 2.80624999775
8 1.49285278646
4 0.606286626604
4 0.606286626604
6 1.02706191565
9 1.73986384044
4 0.606286626604
4 0.606286626604
3 0.417116751095
6 1.02706191565
12 2.52892307921
13 2.80624999775
40 12.0970085813
5 0.810328298346
6 1.02706191565
4 0.606286626604
6 1.02706191565
5 0.810328298346
5 0.810328298346
8 1.49285278646
12 2.52892307921
29 7.96374595075
4 0.606286626604
5 0.810328298346
4 0.606286626604
33 9.42037349462
5 0.810328298346
5 0.810328298346
4 0.606286626604
6 1.02706191565
6 1.02706191565
11 2.25845005502
5 0.810328298346
8 1.49285278646
6 1.02706191565
3 0.417116751095
11 2.25845005502
6 1.02706191565
11 2.25845005502
5 0.810328298346
7 1.25495297376
13 2.80624999775
21 5.23461907193
13 2.80624999775
8 1.49285278646
10 1.99526231497
4 0.606286626604
4 0.606286626604
4 0.606286626604
5 0.810328298346
4 0.606286626604
5 0.810328298346
4 0.606286626604
4 0.606286626604
13 2.80624999775
12 2.52892307921
7 1.25495297376
3 0.417116751095
4 0.606286626604
14 3.09005668532
7 1.25495297376
4 0.606286626604
6 1.02706191565
4 0.606286626604
98 38.7787582635
4 0.606286626604
21 5.23461907193
12 2.52892307921
6 1.02706191565
4 0.606286626604
5 0.810328298346
5 0.810328298346
4 0.606286626604
3 0.417116751095
12 2.52892307921
4 0.606286626604
7 1.25495297376
6 1.02706191565
6 1.02706191565
4 0.606286626604
3 0.417116751095
9 1.73986384044
5 0.810328298346
5 0.810328298346
4 0.606286626604
4 0.606286626604
6 1.02706191565
37 10.9310590727
6 1.02706191565
8 1.49285278646
8 1.49285278646
8 1.49285278646
11 2.25845005502
5 0.810328298346
3 0.417116751095
8 1.49285278646
4 0.606286626604
6 1.02706191565
4 0.606286626604
4 0.606286626604
21 5.23461907193
4 0.606286626604
8 1.49285278646
5 0.810328298346
