6 0.717738719311
6 0.717738719311
7 0.850369830827
13 1.68010988702
5 0.587309471544
6 0.717738719311
15 1.96652913456
27 3.75405075985
7 0.850369830827
5 0.587309471544
7 0.850369830827
204 34.7210766993
33 4.68128771387
5 0.587309471544
7 0.850369830827
6 0.717738719311
7 0.850369830827
21 2.84735242406
5 0.587309471544
6 0.717738719311
6 0.717738719311
8 0.984915530676
8 0.984915530676
5 0.587309471544
5 0.587309471544
11 1.39807977673
12 1.53850662478
5 0.587309471544
5 0.587309471544
9 1.12115784565
7 0.850369830827
8 0.984915530676
9 1.12115784565
8 0.984915530676
38 5.46716216889
8 0.984915530676
5 0.587309471544
5 0.587309471544
24 3.29786114476
6 0.717738719311
5 0.587309471544
17 2.25680384731
7 0.850369830827
6 0.717738719311
6 0.717738719311
5 0.587309471544
5 0.587309471544
5 0.587309471544
8 0.984915530676
6 0.717738719311
6 0.717738719311
5 0.587309471544
6 0.717738719311
5 0.587309471544
8 0.984915530676
27 3.75405075985
30 4.21534747945
11 1.39807977673
6 0.717738719311
9 1.12115784565
5 0.587309471544
14 1.82280763604
7 0.850369830827
5 0.587309471544
6 0.717738719311
5 0.587309471544
6 0.717738719311
5 0.587309471544
6 0.717738719311
5 0.587309471544
5 0.587309471544
8 0.984915530676
14 1.82280763604
9 1.12115784565
6 0.717738719311
11 1.39807977673
5 0.587309471544
5 0.587309471544
7 0.850369830827
5 0.587309471544
7 0.850369830827
7 0.850369830827
5 0.587309471544
15 1.96652913456
5 0.587309471544
6 0.717738719311
6 0.717738719311
7 0.850369830827
7 0.850369830827
8 0.984915530676
9 1.12115784565
7 0.850369830827
9 1.12115784565
9 1.12115784565
16 2.11121265724
30 4.21534747945
5 0.587309471544
6 0.717738719311
7 0.850369830827
8 0.984915530676
7 0.850369830827
6 0.717738719311
12 1.53850662478
5 0.587309471544
16 2.11121265724
8 0.984915530676
8 0.984915530676
13 1.68010988702
6 0.717738719311
24 3.29786114476
5 0.587309471544
8 0.984915530676
5 0.587309471544
7 0.850369830827
15 1.96652913456
5 0.587309471544
7 0.850369830827
5 0.587309471544
9 1.12115784565
5 0.587309471544
7 0.850369830827
5 0.587309471544
10 1.25892541179
8 0.984915530676
6 0.717738719311
10 1.25892541179
12 1.53850662478
6 0.717738719311
6 0.717738719311
6 0.717738719311
22 2.99684960642
20 2.69856569535
9 1.12115784565
9 1.12115784565
5 0.587309471544
5 0.587309471544
7 0.850369830827
5 0.587309471544
8 0.984915530676
6 0.717738719311
5 0.587309471544
11 1.39807977673
5 0.587309471544
6 0.717738719311
6 0.717738719311
8 0.984915530676
6 0.717738719311
6 0.717738719311
8 0.984915530676
6 0.717738719311
14 1.82280763604
47 6.90728926279
5 0.587309471544
12 1.53850662478
9 1.12115784565
5 0.587309471544
8 0.984915530676
5 0.587309471544
5 0.587309471544
7 0.850369830827
9 1.12115784565
63 9.5339880754
5 0.587309471544
11 1.39807977673
6 0.717738719311
6 0.717738719311
6 0.717738719311
5 0.587309471544
6 0.717738719311
6 0.717738719311
6 0.717738719311
15 1.96652913456
7 0.850369830827
6 0.717738719311
22 2.99684960642
5 0.587309471544
6 0.717738719311
5 0.587309471544
6 0.717738719311
5 0.587309471544
5 0.587309471544
5 0.587309471544
6 0.717738719311
5 0.587309471544
5 0.587309471544
7 0.850369830827
7 0.850369830827
7 0.850369830827
6 0.717738719311
12 1.53850662478
6 0.717738719311
6 0.717738719311
14 1.82280763604
11 1.39807977673
6 0.717738719311
5 0.587309471544
5 0.587309471544
5 0.587309471544
6 0.717738719311
5 0.587309471544
6 0.717738719311
12 1.53850662478
5 0.587309471544
7 0.850369830827
9 1.12115784565
6 0.717738719311
22 2.99684960642
7 0.850369830827
6 0.717738719311
24 3.29786114476
25 3.44932415365
6 0.717738719311
9 1.12115784565
5 0.587309471544
5 0.587309471544
10 1.25892541179
5 0.587309471544
6 0.717738719311
9 1.12115784565
5 0.587309471544
5 0.587309471544
10 1.25892541179
5 0.587309471544
7 0.850369830827
5 0.587309471544
76 11.719118656
6 0.717738719311
20 2.69856569535
53 7.88321654769
5 0.587309471544
16 2.11121265724
14 1.82280763604
27 3.75405075985
5 0.587309471544
7 0.850369830827
5 0.587309471544
11 1.39807977673
5 0.587309471544
5 0.587309471544
10 1.25892541179
6 0.717738719311
17 2.25680384731
5 0.587309471544
6 0.717738719311
5 0.587309471544
15 1.96652913456
5 0.587309471544
6 0.717738719311
5 0.587309471544
16 2.11121265724
6 0.717738719311
5 0.587309471544
15 1.96652913456
13 1.68010988702
5 0.587309471544
5 0.587309471544
6 0.717738719311
5 0.587309471544
8 0.984915530676
8 0.984915530676
11 1.39807977673
6 0.717738719311
5 0.587309471544
8 0.984915530676
10 1.25892541179
20 2.69856569535
7 0.850369830827
5 0.587309471544
15 1.96652913456
6 0.717738719311
5 0.587309471544
6 0.717738719311
5 0.587309471544
12 1.53850662478
7 0.850369830827
5 0.587309471544
5 0.587309471544
5 0.587309471544
5 0.587309471544
5 0.587309471544
8 0.984915530676
9 1.12115784565
7 0.850369830827
8 0.984915530676
54 8.04698396285
5 0.587309471544
6 0.717738719311
11 1.39807977673
7 0.850369830827
9 1.12115784565
13 1.68010988702
5 0.587309471544
7 0.850369830827
5 0.587309471544
6 0.717738719311
8 0.984915530676
16 2.11121265724
10 1.25892541179
8 0.984915530676
6 0.717738719311
20 2.69856569535
8 0.984915530676
8 0.984915530676
12 1.53850662478
8 0.984915530676
5 0.587309471544
25 3.44932415365
5 0.587309471544
5 0.587309471544
21 2.84735242406
5 0.587309471544
14 1.82280763604
7 0.850369830827
6 0.717738719311
6 0.717738719311
5 0.587309471544
8 0.984915530676
5 0.587309471544
5 0.587309471544
6 0.717738719311
6 0.717738719311
6 0.717738719311
8 0.984915530676
10 1.25892541179
9 1.12115784565
5 0.587309471544
6 0.717738719311
6 0.717738719311
27 3.75405075985
6 0.717738719311
9 1.12115784565
6 0.717738719311
5 0.587309471544
5 0.587309471544
6 0.717738719311
9 1.12115784565
5 0.587309471544
7 0.850369830827
18 2.40325445257
5 0.587309471544
5 0.587309471544
13 1.68010988702
6 0.717738719311
8 0.984915530676
7 0.850369830827
5 0.587309471544
9 1.12115784565
5 0.587309471544
8 0.984915530676
6 0.717738719311
30 4.21534747945
9 1.12115784565
18 2.40325445257
5 0.587309471544
11 1.39807977673
5 0.587309471544
6 0.717738719311
8 0.984915530676
7 0.850369830827
5 0.587309471544
8 0.984915530676
6 0.717738719311
6 0.717738719311
7 0.850369830827
13 1.68010988702
11 1.39807977673
9 1.12115784565
11 1.39807977673
21 2.84735242406
10 1.25892541179
7 0.850369830827
82 12.7407571461
15 1.96652913456
5 0.587309471544
6 0.717738719311
12 1.53850662478
5 0.587309471544
5 0.587309471544
7 0.850369830827
5 0.587309471544
5 0.587309471544
7 0.850369830827
13 1.68010988702
6 0.717738719311
11 1.39807977673
5 0.587309471544
6 0.717738719311
26 3.6013943821
6 0.717738719311
5 0.587309471544
24 3.29786114476
5 0.587309471544
5 0.587309471544
6 0.717738719311
47 6.90728926279
5 0.587309471544
13 1.68010988702
12 1.53850662478
5 0.587309471544
15 1.96652913456
6 0.717738719311
7 0.850369830827
5 0.587309471544
11 1.39807977673
29 4.06104496075
8 0.984915530676
5 0.587309471544
8 0.984915530676
5 0.587309471544
7 0.850369830827
6 0.717738719311
5 0.587309471544
11 1.39807977673
5 0.587309471544
6 0.717738719311
5 0.587309471544
5 0.587309471544
43 6.26347431949
22 2.99684960642
6 0.717738719311
7 0.850369830827
5 0.587309471544
5 0.587309471544
9 1.12115784565
6 0.717738719311
6 0.717738719311
12 1.53850662478
12 1.53850662478
11 1.39807977673
5 0.587309471544
14 1.82280763604
5 0.587309471544
5 0.587309471544
5 0.587309471544
6 0.717738719311
5 0.587309471544
5 0.587309471544
6 0.717738719311
5 0.587309471544
5 0.587309471544
13 1.68010988702
12 1.53850662478
6 0.717738719311
7 0.850369830827
7 0.850369830827
6 0.717738719311
5 0.587309471544
5 0.587309471544
14 1.82280763604
16 2.11121265724
36 5.15148869198
7 0.850369830827
40 5.78450219837
8 0.984915530676
5 0.587309471544
5 0.587309471544
7 0.850369830827
5 0.587309471544
15 1.96652913456
7 0.850369830827
8 0.984915530676
8 0.984915530676
11 1.39807977673
5 0.587309471544
32 4.52548339959
5 0.587309471544
6 0.717738719311
51 7.5566132197
5 0.587309471544
5 0.587309471544
7 0.850369830827
9 1.12115784565
17 2.25680384731
5 0.587309471544
5 0.587309471544
5 0.587309471544
6 0.717738719311
9 1.12115784565
5 0.587309471544
8 0.984915530676
8 0.984915530676
8 0.984915530676
5 0.587309471544
6 0.717738719311
9 1.12115784565
6 0.717738719311
5 0.587309471544
10 1.25892541179
7 0.850369830827
5 0.587309471544
5 0.587309471544
9 1.12115784565
13 1.68010988702
5 0.587309471544
6 0.717738719311
9 1.12115784565
7 0.850369830827
7 0.850369830827
5 0.587309471544
9 1.12115784565
6 0.717738719311
10 1.25892541179
13 1.68010988702
10 1.25892541179
5 0.587309471544
6 0.717738719311
5 0.587309471544
5 0.587309471544
7 0.850369830827
7 0.850369830827
8 0.984915530676
5 0.587309471544
14 1.82280763604
5 0.587309471544
16 2.11121265724
9 1.12115784565
9 1.12115784565
10 1.25892541179
5 0.587309471544
6 0.717738719311
5 0.587309471544
6 0.717738719311
9 1.12115784565
9 1.12115784565
11 1.39807977673
5 0.587309471544
5 0.587309471544
7 0.850369830827
15 1.96652913456
6 0.717738719311
8 0.984915530676
5 0.587309471544
5 0.587309471544
5 0.587309471544
7 0.850369830827
5 0.587309471544
33 4.68128771387
19 2.55052133683
7 0.850369830827
8 0.984915530676
7 0.850369830827
7 0.850369830827
6 0.717738719311
5 0.587309471544
20 2.69856569535
6 0.717738719311
5 0.587309471544
9 1.12115784565
9 1.12115784565
5 0.587309471544
5 0.587309471544
5 0.587309471544
14 1.82280763604
46 6.74580238897
136 22.2276115891
6 0.717738719311
12 1.53850662478
7 0.850369830827
5 0.587309471544
5 0.587309471544
7 0.850369830827
6 0.717738719311
10 1.25892541179
8 0.984915530676
6 0.717738719311
5 0.587309471544
9 1.12115784565
6 0.717738719311
30 4.21534747945
6 0.717738719311
6 0.717738719311
9 1.12115784565
6 0.717738719311
7 0.850369830827
6 0.717738719311
9 1.12115784565
29 4.06104496075
13 1.68010988702
7 0.850369830827
97 15.3267088563
5 0.587309471544
7 0.850369830827
5 0.587309471544
6 0.717738719311
5 0.587309471544
13 1.68010988702
7 0.850369830827
5 0.587309471544
7 0.850369830827
20 2.69856569535
6 0.717738719311
12 1.53850662478
8 0.984915530676
9 1.12115784565
6 0.717738719311
5 0.587309471544
6 0.717738719311
6 0.717738719311
6 0.717738719311
6 0.717738719311
7 0.850369830827
8 0.984915530676
6 0.717738719311
14 1.82280763604
7 0.850369830827
5 0.587309471544
10 1.25892541179
71 10.8738711768
27 3.75405075985
13 1.68010988702
7 0.850369830827
5 0.587309471544
6 0.717738719311
7 0.850369830827
9 1.12115784565
7 0.850369830827
8 0.984915530676
10 1.25892541179
8 0.984915530676
16 2.11121265724
16 2.11121265724
6 0.717738719311
7 0.850369830827
6 0.717738719311
11 1.39807977673
5 0.587309471544
5 0.587309471544
5 0.587309471544
8 0.984915530676
8 0.984915530676
9 1.12115784565
6 0.717738719311
6 0.717738719311
6 0.717738719311
7 0.850369830827
11 1.39807977673
8 0.984915530676
5 0.587309471544
9 1.12115784565
13 1.68010988702
7 0.850369830827
5 0.587309471544
6 0.717738719311
6 0.717738719311
7 0.850369830827
7 0.850369830827
5 0.587309471544
5 0.587309471544
5 0.587309471544
5 0.587309471544
7 0.850369830827
12 1.53850662478
7 0.850369830827
5 0.587309471544
6 0.717738719311
6 0.717738719311
5 0.587309471544
5 0.587309471544
5 0.587309471544
7 0.850369830827
6 0.717738719311
19 2.55052133683
6 0.717738719311
19 2.55052133683
8 0.984915530676
6 0.717738719311
5 0.587309471544
6 0.717738719311
7 0.850369830827
5 0.587309471544
9 1.12115784565
7 0.850369830827
5 0.587309471544
5 0.587309471544
7 0.850369830827
5 0.587309471544
8 0.984915530676
6 0.717738719311
6 0.717738719311
9 1.12115784565
11 1.39807977673
5 0.587309471544
5 0.587309471544
5 0.587309471544
12 1.53850662478
5 0.587309471544
5 0.587309471544
7 0.850369830827
6 0.717738719311
6 0.717738719311
6 0.717738719311
8 0.984915530676
14 1.82280763604
5 0.587309471544
7 0.850369830827
5 0.587309471544
22 2.99684960642
5 0.587309471544
58 8.70504043819
9 1.12115784565
8 0.984915530676
5 0.587309471544
9 1.12115784565
14 1.82280763604
5 0.587309471544
8 0.984915530676
5 0.587309471544
8 0.984915530676
6 0.717738719311
5 0.587309471544
5 0.587309471544
7 0.850369830827
5 0.587309471544
5 0.587309471544
5 0.587309471544
5 0.587309471544
5 0.587309471544
52 7.71975785371
5 0.587309471544
7 0.850369830827
8 0.984915530676
5 0.587309471544
13 1.68010988702
5 0.587309471544
7 0.850369830827
5 0.587309471544
7 0.850369830827
9 1.12115784565
5 0.587309471544
6 0.717738719311
9 1.12115784565
5 0.587309471544
7 0.850369830827
5 0.587309471544
11 1.39807977673
5 0.587309471544
6 0.717738719311
6 0.717738719311
6 0.717738719311
5 0.587309471544
7 0.850369830827
6 0.717738719311
5 0.587309471544
5 0.587309471544
6 0.717738719311
26 3.6013943821
5 0.587309471544
10 1.25892541179
5 0.587309471544
5 0.587309471544
5 0.587309471544
7 0.850369830827
13 1.68010988702
7 0.850369830827
7 0.850369830827
11 1.39807977673
7 0.850369830827
8 0.984915530676
6 0.717738719311
5 0.587309471544
10 1.25892541179
5 0.587309471544
13 1.68010988702
5 0.587309471544
12 1.53850662478
5 0.587309471544
33 4.68128771387
8 0.984915530676
6 0.717738719311
7 0.850369830827
5 0.587309471544
13 1.68010988702
5 0.587309471544
9 1.12115784565
5 0.587309471544
8 0.984915530676
5 0.587309471544
6 0.717738719311
5 0.587309471544
7 0.850369830827
17 2.25680384731
8 0.984915530676
8 0.984915530676
96 15.152990688
6 0.717738719311
13 1.68010988702
6 0.717738719311
9 1.12115784565
13 1.68010988702
9 1.12115784565
16 2.11121265724
8 0.984915530676
6 0.717738719311
5 0.587309471544
5 0.587309471544
5 0.587309471544
11 1.39807977673
5 0.587309471544
5 0.587309471544
8 0.984915530676
5 0.587309471544
5 0.587309471544
8 0.984915530676
6 0.717738719311
7 0.850369830827
5 0.587309471544
5 0.587309471544
6 0.717738719311
5 0.587309471544
8 0.984915530676
6 0.717738719311
6 0.717738719311
6 0.717738719311
11 1.39807977673
20 2.69856569535
5 0.587309471544
5 0.587309471544
6 0.717738719311
6 0.717738719311
7 0.850369830827
6 0.717738719311
6 0.717738719311
17 2.25680384731
9 1.12115784565
7 0.850369830827
17 2.25680384731
8 0.984915530676
9 1.12115784565
5 0.587309471544
7 0.850369830827
15 1.96652913456
11 1.39807977673
5 0.587309471544
7 0.850369830827
9 1.12115784565
9 1.12115784565
8 0.984915530676
8 0.984915530676
11 1.39807977673
5 0.587309471544
5 0.587309471544
5 0.587309471544
5 0.587309471544
5 0.587309471544
6 0.717738719311
6 0.717738719311
5 0.587309471544
10 1.25892541179
5 0.587309471544
12 1.53850662478
6 0.717738719311
6 0.717738719311
5 0.587309471544
5 0.587309471544
5 0.587309471544
15 1.96652913456
11 1.39807977673
5 0.587309471544
16 2.11121265724
9 1.12115784565
21 2.84735242406
10 1.25892541179
14 1.82280763604
8 0.984915530676
6 0.717738719311
5 0.587309471544
7 0.850369830827
12 1.53850662478
6 0.717738719311
5 0.587309471544
5 0.587309471544
8 0.984915530676
8 0.984915530676
5 0.587309471544
5 0.587309471544
5 0.587309471544
5 0.587309471544
10 1.25892541179
5 0.587309471544
9 1.12115784565
5 0.587309471544
9 1.12115784565
5 0.587309471544
5 0.587309471544
9 1.12115784565
8 0.984915530676
5 0.587309471544
6 0.717738719311
8 0.984915530676
36 5.15148869198
5 0.587309471544
6 0.717738719311
5 0.587309471544
6 0.717738719311
5 0.587309471544
5 0.587309471544
5 0.587309471544
5 0.587309471544
5 0.587309471544
5 0.587309471544
5 0.587309471544
21 2.84735242406
9 1.12115784565
6 0.717738719311
6 0.717738719311
7 0.850369830827
7 0.850369830827
5 0.587309471544
8 0.984915530676
39 5.62562873946
5 0.587309471544
7 0.850369830827
24 3.29786114476
6 0.717738719311
10 1.25892541179
10 1.25892541179
11 1.39807977673
8 0.984915530676
5 0.587309471544
10 1.25892541179
5 0.587309471544
24 3.29786114476
6 0.717738719311
5 0.587309471544
6 0.717738719311
8 0.984915530676
8 0.984915530676
6 0.717738719311
5 0.587309471544
8 0.984915530676
18 2.40325445257
6 0.717738719311
6 0.717738719311
17 2.25680384731
6 0.717738719311
5 0.587309471544
7 0.850369830827
6 0.717738719311
7 0.850369830827
9 1.12115784565
7 0.850369830827
7 0.850369830827
5 0.587309471544
9 1.12115784565
19 2.55052133683
6 0.717738719311
7 0.850369830827
19 2.55052133683
6 0.717738719311
6 0.717738719311
7 0.850369830827
5 0.587309471544
7 0.850369830827
6 0.717738719311
5 0.587309471544
6 0.717738719311
5 0.587309471544
11 1.39807977673
9 1.12115784565
11 1.39807977673
8 0.984915530676
29 4.06104496075
7 0.850369830827
9 1.12115784565
11 1.39807977673
6 0.717738719311
5 0.587309471544
12 1.53850662478
5 0.587309471544
6 0.717738719311
6 0.717738719311
5 0.587309471544
7 0.850369830827
6 0.717738719311
9 1.12115784565
7 0.850369830827
9 1.12115784565
5 0.587309471544
7 0.850369830827
6 0.717738719311
8 0.984915530676
5 0.587309471544
5 0.587309471544
10 1.25892541179
8 0.984915530676
9 1.12115784565
5 0.587309471544
7 0.850369830827
21 2.84735242406
8 0.984915530676
6 0.717738719311
5 0.587309471544
5 0.587309471544
6 0.717738719311
5 0.587309471544
10 1.25892541179
6 0.717738719311
5 0.587309471544
5 0.587309471544
6 0.717738719311
8 0.984915530676
6 0.717738719311
5 0.587309471544
47 6.90728926279
12 1.53850662478
6 0.717738719311
5 0.587309471544
16 2.11121265724
6 0.717738719311
13 1.68010988702
5 0.587309471544
13 1.68010988702
8 0.984915530676
5 0.587309471544
20 2.69856569535
6 0.717738719311
9 1.12115784565
19 2.55052133683
5 0.587309471544
7 0.850369830827
6 0.717738719311
24 3.29786114476
5 0.587309471544
5 0.587309471544
5 0.587309471544
6 0.717738719311
13 1.68010988702
5 0.587309471544
5 0.587309471544
12 1.53850662478
7 0.850369830827
8 0.984915530676
6 0.717738719311
7 0.850369830827
5 0.587309471544
8 0.984915530676
62 9.36765436709
5 0.587309471544
5 0.587309471544
5 0.587309471544
7 0.850369830827
5 0.587309471544
6 0.717738719311
5 0.587309471544
6 0.717738719311
7 0.850369830827
18 2.40325445257
13 1.68010988702
6 0.717738719311
17 2.25680384731
21 2.84735242406
8 0.984915530676
9 1.12115784565
5 0.587309471544
5 0.587309471544
6 0.717738719311
6 0.717738719311
5 0.587309471544
13 1.68010988702
12 1.53850662478
5 0.587309471544
7 0.850369830827
8 0.984915530676
9 1.12115784565
7 0.850369830827
6 0.717738719311
8 0.984915530676
9 1.12115784565
6 0.717738719311
5 0.587309471544
8 0.984915530676
9 1.12115784565
5 0.587309471544
5 0.587309471544
5 0.587309471544
5 0.587309471544
5 0.587309471544
7 0.850369830827
5 0.587309471544
18 2.40325445257
6 0.717738719311
7 0.850369830827
17 2.25680384731
8 0.984915530676
8 0.984915530676
5 0.587309471544
5 0.587309471544
5 0.587309471544
5 0.587309471544
71 10.8738711768
5 0.587309471544
23 3.14702809165
10 1.25892541179
19 2.55052133683
7 0.850369830827
16 2.11121265724
5 0.587309471544
5 0.587309471544
34 4.83756494739
7 0.850369830827
11 1.39807977673
5 0.587309471544
7 0.850369830827
5 0.587309471544
5 0.587309471544
7 0.850369830827
20 2.69856569535
14 1.82280763604
7 0.850369830827
12 1.53850662478
5 0.587309471544
5 0.587309471544
10 1.25892541179
6 0.717738719311
6 0.717738719311
5 0.587309471544
16 2.11121265724
5 0.587309471544
5 0.587309471544
5 0.587309471544
6 0.717738719311
7 0.850369830827
11 1.39807977673
6 0.717738719311
9 1.12115784565
13 1.68010988702
7 0.850369830827
6 0.717738719311
7 0.850369830827
5 0.587309471544
7 0.850369830827
6 0.717738719311
9 1.12115784565
10 1.25892541179
6 0.717738719311
9 1.12115784565
21 2.84735242406
5 0.587309471544
5 0.587309471544
9 1.12115784565
6 0.717738719311
7 0.850369830827
5 0.587309471544
7 0.850369830827
6 0.717738719311
5 0.587309471544
7 0.850369830827
5 0.587309471544
5 0.587309471544
5 0.587309471544
5 0.587309471544
8 0.984915530676
6 0.717738719311
7 0.850369830827
23 3.14702809165
5 0.587309471544
6 0.717738719311
8 0.984915530676
15 1.96652913456
7 0.850369830827
5 0.587309471544
42 6.10343353319
9 1.12115784565
9 1.12115784565
16 2.11121265724
10 1.25892541179
8 0.984915530676
5 0.587309471544
16 2.11121265724
6 0.717738719311
7 0.850369830827
5 0.587309471544
5 0.587309471544
9 1.12115784565
10 1.25892541179
5 0.587309471544
28 3.90727370324
5 0.587309471544
15 1.96652913456
8 0.984915530676
7 0.850369830827
9 1.12115784565
5 0.587309471544
6 0.717738719311
5 0.587309471544
5 0.587309471544
6 0.717738719311
6 0.717738719311
5 0.587309471544
5 0.587309471544
10 1.25892541179
6 0.717738719311
5 0.587309471544
5 0.587309471544
5 0.587309471544
8 0.984915530676
5 0.587309471544
14 1.82280763604
8 0.984915530676
9 1.12115784565
5 0.587309471544
18 2.40325445257
5 0.587309471544
9 1.12115784565
15 1.96652913456
10 1.25892541179
5 0.587309471544
6 0.717738719311
9 1.12115784565
5 0.587309471544
8 0.984915530676
7 0.850369830827
14 1.82280763604
10 1.25892541179
11 1.39807977673
14 1.82280763604
5 0.587309471544
10 1.25892541179
6 0.717738719311
5 0.587309471544
11 1.39807977673
6 0.717738719311
5 0.587309471544
11 1.39807977673
17 2.25680384731
7 0.850369830827
5 0.587309471544
6 0.717738719311
5 0.587309471544
14 1.82280763604
5 0.587309471544
6 0.717738719311
6 0.717738719311
5 0.587309471544
5 0.587309471544
5 0.587309471544
6 0.717738719311
12 1.53850662478
5 0.587309471544
12 1.53850662478
6 0.717738719311
9 1.12115784565
26 3.6013943821
5 0.587309471544
6 0.717738719311
5 0.587309471544
11 1.39807977673
5 0.587309471544
38 5.46716216889
5 0.587309471544
13 1.68010988702
5 0.587309471544
25 3.44932415365
12 1.53850662478
7 0.850369830827
6 0.717738719311
5 0.587309471544
9 1.12115784565
8 0.984915530676
7 0.850369830827
10 1.25892541179
9 1.12115784565
29 4.06104496075
6 0.717738719311
5 0.587309471544
5 0.587309471544
5 0.587309471544
6 0.717738719311
11 1.39807977673
5 0.587309471544
5 0.587309471544
6 0.717738719311
5 0.587309471544
12 1.53850662478
7 0.850369830827
5 0.587309471544
7 0.850369830827
6 0.717738719311
5 0.587309471544
13 1.68010988702
5 0.587309471544
5 0.587309471544
6 0.717738719311
6 0.717738719311
5 0.587309471544
11 1.39807977673
15 1.96652913456
11 1.39807977673
7 0.850369830827
6 0.717738719311
6 0.717738719311
7 0.850369830827
17 2.25680384731
7 0.850369830827
10 1.25892541179
20 2.69856569535
14 1.82280763604
5 0.587309471544
7 0.850369830827
10 1.25892541179
6 0.717738719311
7 0.850369830827
17 2.25680384731
5 0.587309471544
26 3.6013943821
6 0.717738719311
17 2.25680384731
9 1.12115784565
7 0.850369830827
5 0.587309471544
7 0.850369830827
5 0.587309471544
10 1.25892541179
10 1.25892541179
6 0.717738719311
6 0.717738719311
5 0.587309471544
6 0.717738719311
8 0.984915530676
5 0.587309471544
5 0.587309471544
6 0.717738719311
5 0.587309471544
15 1.96652913456
5 0.587309471544
6 0.717738719311
5 0.587309471544
9 1.12115784565
10 1.25892541179
13 1.68010988702
11 1.39807977673
7 0.850369830827
19 2.55052133683
9 1.12115784565
8 0.984915530676
19 2.55052133683
8 0.984915530676
8 0.984915530676
12 1.53850662478
6 0.717738719311
11 1.39807977673
5 0.587309471544
6 0.717738719311
13 1.68010988702
6 0.717738719311
6 0.717738719311
11 1.39807977673
6 0.717738719311
8 0.984915530676
12 1.53850662478
6 0.717738719311
6 0.717738719311
12 1.53850662478
13 1.68010988702
5 0.587309471544
10 1.25892541179
5 0.587309471544
8 0.984915530676
6 0.717738719311
6 0.717738719311
8 0.984915530676
6 0.717738719311
11 1.39807977673
11 1.39807977673
65 9.86744449879
10 1.25892541179
7 0.850369830827
7 0.850369830827
6 0.717738719311
9 1.12115784565
21 2.84735242406
6 0.717738719311
8 0.984915530676
6 0.717738719311
8 0.984915530676
43 6.26347431949
6 0.717738719311
5 0.587309471544
5 0.587309471544
5 0.587309471544
5 0.587309471544
35 4.9943025596
7 0.850369830827
6 0.717738719311
12 1.53850662478
5 0.587309471544
6 0.717738719311
5 0.587309471544
5 0.587309471544
5 0.587309471544
5 0.587309471544
7 0.850369830827
8 0.984915530676
12 1.53850662478
7 0.850369830827
5 0.587309471544
21 2.84735242406
5 0.587309471544
6 0.717738719311
5 0.587309471544
5 0.587309471544
5 0.587309471544
5 0.587309471544
50 7.39378818314
6 0.717738719311
10 1.25892541179
23 3.14702809165
6 0.717738719311
5 0.587309471544
25 3.44932415365
11 1.39807977673
42 6.10343353319
12 1.53850662478
20 2.69856569535
8 0.984915530676
6 0.717738719311
5 0.587309471544
6 0.717738719311
6 0.717738719311
6 0.717738719311
5 0.587309471544
6 0.717738719311
13 1.68010988702
5 0.587309471544
8 0.984915530676
7 0.850369830827
6 0.717738719311
6 0.717738719311
9 1.12115784565
5 0.587309471544
22 2.99684960642
8 0.984915530676
6 0.717738719311
18 2.40325445257
5 0.587309471544
6 0.717738719311
6 0.717738719311
5 0.587309471544
7 0.850369830827
7 0.850369830827
8 0.984915530676
9 1.12115784565
15 1.96652913456
6 0.717738719311
9 1.12115784565
6 0.717738719311
5 0.587309471544
7 0.850369830827
5 0.587309471544
7 0.850369830827
7 0.850369830827
6 0.717738719311
7 0.850369830827
5 0.587309471544
6 0.717738719311
5 0.587309471544
9 1.12115784565
15 1.96652913456
6 0.717738719311
23 3.14702809165
5 0.587309471544
6 0.717738719311
5 0.587309471544
5 0.587309471544
7 0.850369830827
11 1.39807977673
5 0.587309471544
5 0.587309471544
14 1.82280763604
9 1.12115784565
5 0.587309471544
6 0.717738719311
5 0.587309471544
5 0.587309471544
6 0.717738719311
6 0.717738719311
23 3.14702809165
5 0.587309471544
5 0.587309471544
5 0.587309471544
9 1.12115784565
11 1.39807977673
10 1.25892541179
8 0.984915530676
12 1.53850662478
6 0.717738719311
13 1.68010988702
5 0.587309471544
5 0.587309471544
6 0.717738719311
7 0.850369830827
5 0.587309471544
5 0.587309471544
7 0.850369830827
5 0.587309471544
8 0.984915530676
5 0.587309471544
8 0.984915530676
6 0.717738719311
5 0.587309471544
7 0.850369830827
6 0.717738719311
5 0.587309471544
9 1.12115784565
5 0.587309471544
8 0.984915530676
8 0.984915530676
18 2.40325445257
5 0.587309471544
10 1.25892541179
12 1.53850662478
11 1.39807977673
6 0.717738719311
6 0.717738719311
10 1.25892541179
6 0.717738719311
6 0.717738719311
8 0.984915530676
5 0.587309471544
7 0.850369830827
13 1.68010988702
6 0.717738719311
5 0.587309471544
14 1.82280763604
7 0.850369830827
14 1.82280763604
5 0.587309471544
5 0.587309471544
9 1.12115784565
16 2.11121265724
8 0.984915530676
5 0.587309471544
10 1.25892541179
8 0.984915530676
7 0.850369830827
8 0.984915530676
5 0.587309471544
6 0.717738719311
5 0.587309471544
7 0.850369830827
7 0.850369830827
8 0.984915530676
6 0.717738719311
6 0.717738719311
19 2.55052133683
5 0.587309471544
5 0.587309471544
5 0.587309471544
6 0.717738719311
9 1.12115784565
22 2.99684960642
8 0.984915530676
5 0.587309471544
73 11.2112786315
5 0.587309471544
6 0.717738719311
8 0.984915530676
7 0.850369830827
8 0.984915530676
8 0.984915530676
5 0.587309471544
11 1.39807977673
5 0.587309471544
6 0.717738719311
5 0.587309471544
44 6.42388775874
6 0.717738719311
12 1.53850662478
7 0.850369830827
5 0.587309471544
6 0.717738719311
6 0.717738719311
13 1.68010988702
11 1.39807977673
24 3.29786114476
7 0.850369830827
8 0.984915530676
7 0.850369830827
5 0.587309471544
5 0.587309471544
6 0.717738719311
7 0.850369830827
22 2.99684960642
6 0.717738719311
13 1.68010988702
5 0.587309471544
9 1.12115784565
5 0.587309471544
11 1.39807977673
5 0.587309471544
8 0.984915530676
7 0.850369830827
7 0.850369830827
5 0.587309471544
6 0.717738719311
7 0.850369830827
5 0.587309471544
6 0.717738719311
6 0.717738719311
13 1.68010988702
6 0.717738719311
7 0.850369830827
9 1.12115784565
5 0.587309471544
5 0.587309471544
5 0.587309471544
10 1.25892541179
16 2.11121265724
11 1.39807977673
8 0.984915530676
24 3.29786114476
5 0.587309471544
5 0.587309471544
6 0.717738719311
5 0.587309471544
7 0.850369830827
7 0.850369830827
13 1.68010988702
6 0.717738719311
6 0.717738719311
5 0.587309471544
8 0.984915530676
5 0.587309471544
6 0.717738719311
6 0.717738719311
8 0.984915530676
24 3.29786114476
9 1.12115784565
10 1.25892541179
10 1.25892541179
10 1.25892541179
6 0.717738719311
6 0.717738719311
6 0.717738719311
11 1.39807977673
5 0.587309471544
5 0.587309471544
10 1.25892541179
5 0.587309471544
8 0.984915530676
7 0.850369830827
8 0.984915530676
7 0.850369830827
8 0.984915530676
6 0.717738719311
17 2.25680384731
10 1.25892541179
7 0.850369830827
11 1.39807977673
8 0.984915530676
8 0.984915530676
7 0.850369830827
6 0.717738719311
8 0.984915530676
6 0.717738719311
5 0.587309471544
5 0.587309471544
5 0.587309471544
5 0.587309471544
5 0.587309471544
6 0.717738719311
11 1.39807977673
19 2.55052133683
11 1.39807977673
10 1.25892541179
5 0.587309471544
5 0.587309471544
8 0.984915530676
5 0.587309471544
8 0.984915530676
18 2.40325445257
6 0.717738719311
5 0.587309471544
12 1.53850662478
20 2.69856569535
7 0.850369830827
10 1.25892541179
7 0.850369830827
13 1.68010988702
12 1.53850662478
14 1.82280763604
5 0.587309471544
5 0.587309471544
5 0.587309471544
7 0.850369830827
18 2.40325445257
5 0.587309471544
7 0.850369830827
9 1.12115784565
11 1.39807977673
7 0.850369830827
6 0.717738719311
6 0.717738719311
19 2.55052133683
6 0.717738719311
15 1.96652913456
6 0.717738719311
7 0.850369830827
5 0.587309471544
6 0.717738719311
20 2.69856569535
6 0.717738719311
44 6.42388775874
7 0.850369830827
5 0.587309471544
14 1.82280763604
6 0.717738719311
12 1.53850662478
7 0.850369830827
8 0.984915530676
5 0.587309471544
6 0.717738719311
5 0.587309471544
8 0.984915530676
8 0.984915530676
16 2.11121265724
6 0.717738719311
5 0.587309471544
5 0.587309471544
5 0.587309471544
7 0.850369830827
5 0.587309471544
11 1.39807977673
6 0.717738719311
6 0.717738719311
6 0.717738719311
12 1.53850662478
12 1.53850662478
6 0.717738719311
31 4.3701652889
8 0.984915530676
10 1.25892541179
5 0.587309471544
5 0.587309471544
20 2.69856569535
14 1.82280763604
5 0.587309471544
6 0.717738719311
422 77.2402544974
18 2.40325445257
6 0.717738719311
5 0.587309471544
5 0.587309471544
8 0.984915530676
10 1.25892541179
5 0.587309471544
8 0.984915530676
8 0.984915530676
7 0.850369830827
27 3.75405075985
5 0.587309471544
12 1.53850662478
8 0.984915530676
47 6.90728926279
5 0.587309471544
7 0.850369830827
7 0.850369830827
5 0.587309471544
6 0.717738719311
6 0.717738719311
11 1.39807977673
5 0.587309471544
8 0.984915530676
8 0.984915530676
5 0.587309471544
8 0.984915530676
9 1.12115784565
10 1.25892541179
9 1.12115784565
5 0.587309471544
5 0.587309471544
6 0.717738719311
7 0.850369830827
5 0.587309471544
7 0.850369830827
5 0.587309471544
21 2.84735242406
11 1.39807977673
5 0.587309471544
6 0.717738719311
8 0.984915530676
6 0.717738719311
7 0.850369830827
5 0.587309471544
6 0.717738719311
5 0.587309471544
13 1.68010988702
7 0.850369830827
5 0.587309471544
13 1.68010988702
6 0.717738719311
7 0.850369830827
5 0.587309471544
6 0.717738719311
5 0.587309471544
6 0.717738719311
6 0.717738719311
11 1.39807977673
25 3.44932415365
15 1.96652913456
5 0.587309471544
5 0.587309471544
5 0.587309471544
5 0.587309471544
8 0.984915530676
27 3.75405075985
5 0.587309471544
5 0.587309471544
6 0.717738719311
13 1.68010988702
6 0.717738719311
5 0.587309471544
8 0.984915530676
5 0.587309471544
6 0.717738719311
5 0.587309471544
5 0.587309471544
5 0.587309471544
6 0.717738719311
7 0.850369830827
6 0.717738719311
17 2.25680384731
35 4.9943025596
5 0.587309471544
26 3.6013943821
32 4.52548339959
7 0.850369830827
5 0.587309471544
6 0.717738719311
11 1.39807977673
12 1.53850662478
8 0.984915530676
6 0.717738719311
5 0.587309471544
5 0.587309471544
7 0.850369830827
9 1.12115784565
5 0.587309471544
8 0.984915530676
5 0.587309471544
5 0.587309471544
15 1.96652913456
6 0.717738719311
5 0.587309471544
9 1.12115784565
11 1.39807977673
9 1.12115784565
6 0.717738719311
7 0.850369830827
8 0.984915530676
17 2.25680384731
5 0.587309471544
5 0.587309471544
12 1.53850662478
7 0.850369830827
8 0.984915530676
11 1.39807977673
5 0.587309471544
10 1.25892541179
5 0.587309471544
7 0.850369830827
5 0.587309471544
5 0.587309471544
6 0.717738719311
5 0.587309471544
11 1.39807977673
8 0.984915530676
7 0.850369830827
17 2.25680384731
8 0.984915530676
6 0.717738719311
41 5.94377337723
7 0.850369830827
7 0.850369830827
6 0.717738719311
8 0.984915530676
9 1.12115784565
22 2.99684960642
6 0.717738719311
12 1.53850662478
5 0.587309471544
8 0.984915530676
7 0.850369830827
6 0.717738719311
5 0.587309471544
8 0.984915530676
6 0.717738719311
5 0.587309471544
8 0.984915530676
15 1.96652913456
8 0.984915530676
5 0.587309471544
6 0.717738719311
6 0.717738719311
6 0.717738719311
17 2.25680384731
25 3.44932415365
52 7.71975785371
13 1.68010988702
5 0.587309471544
6 0.717738719311
8 0.984915530676
5 0.587309471544
9 1.12115784565
16 2.11121265724
7 0.850369830827
5 0.587309471544
11 1.39807977673
5 0.587309471544
5 0.587309471544
5 0.587309471544
5 0.587309471544
6 0.717738719311
5 0.587309471544
5 0.587309471544
5 0.587309471544
5 0.587309471544
5 0.587309471544
7 0.850369830827
6 0.717738719311
29 4.06104496075
6 0.717738719311
6 0.717738719311
5 0.587309471544
6 0.717738719311
6 0.717738719311
8 0.984915530676
11 1.39807977673
6 0.717738719311
5 0.587309471544
6 0.717738719311
5 0.587309471544
7 0.850369830827
7 0.850369830827
5 0.587309471544
5 0.587309471544
9 1.12115784565
5 0.587309471544
8 0.984915530676
7 0.850369830827
5 0.587309471544
8 0.984915530676
9 1.12115784565
5 0.587309471544
6 0.717738719311
7 0.850369830827
6 0.717738719311
13 1.68010988702
32 4.52548339959
7 0.850369830827
9 1.12115784565
5 0.587309471544
7 0.850369830827
8 0.984915530676
6 0.717738719311
6 0.717738719311
21 2.84735242406
13 1.68010988702
5 0.587309471544
5 0.587309471544
5 0.587309471544
8 0.984915530676
20 2.69856569535
9 1.12115784565
5 0.587309471544
5 0.587309471544
5 0.587309471544
5 0.587309471544
5 0.587309471544
5 0.587309471544
5 0.587309471544
19 2.55052133683
6 0.717738719311
7 0.850369830827
23 3.14702809165
135 22.0478956792
6 0.717738719311
5 0.587309471544
19 2.55052133683
8 0.984915530676
8 0.984915530676
13 1.68010988702
31 4.3701652889
5 0.587309471544
5 0.587309471544
8 0.984915530676
7 0.850369830827
6 0.717738719311
8 0.984915530676
7 0.850369830827
6 0.717738719311
16 2.11121265724
6 0.717738719311
10 1.25892541179
6 0.717738719311
29 4.06104496075
5 0.587309471544
5 0.587309471544
5 0.587309471544
15 1.96652913456
5 0.587309471544
12 1.53850662478
13 1.68010988702
7 0.850369830827
17 2.25680384731
5 0.587309471544
7 0.850369830827
7 0.850369830827
8 0.984915530676
12 1.53850662478
7 0.850369830827
10 1.25892541179
6 0.717738719311
7 0.850369830827
5 0.587309471544
6 0.717738719311
6 0.717738719311
5 0.587309471544
6 0.717738719311
5 0.587309471544
5 0.587309471544
6 0.717738719311
6 0.717738719311
10 1.25892541179
17 2.25680384731
5 0.587309471544
7 0.850369830827
10 1.25892541179
25 3.44932415365
16 2.11121265724
5 0.587309471544
7 0.850369830827
5 0.587309471544
12 1.53850662478
12 1.53850662478
6 0.717738719311
6 0.717738719311
6 0.717738719311
5 0.587309471544
7 0.850369830827
10 1.25892541179
5 0.587309471544
28 3.90727370324
5 0.587309471544
5 0.587309471544
13 1.68010988702
8 0.984915530676
5 0.587309471544
6 0.717738719311
5 0.587309471544
6 0.717738719311
6 0.717738719311
30 4.21534747945
6 0.717738719311
5 0.587309471544
5 0.587309471544
6 0.717738719311
18 2.40325445257
8 0.984915530676
5 0.587309471544
5 0.587309471544
10 1.25892541179
17 2.25680384731
33 4.68128771387
12 1.53850662478
6 0.717738719311
7 0.850369830827
6 0.717738719311
8 0.984915530676
5 0.587309471544
5 0.587309471544
24 3.29786114476
7 0.850369830827
5 0.587309471544
7 0.850369830827
5 0.587309471544
9 1.12115784565
6 0.717738719311
6 0.717738719311
7 0.850369830827
6 0.717738719311
6 0.717738719311
27 3.75405075985
6 0.717738719311
19 2.55052133683
27 3.75405075985
7 0.850369830827
5 0.587309471544
5 0.587309471544
13 1.68010988702
5 0.587309471544
6 0.717738719311
5 0.587309471544
15 1.96652913456
9 1.12115784565
9 1.12115784565
5 0.587309471544
31 4.3701652889
30 4.21534747945
5 0.587309471544
34 4.83756494739
8 0.984915530676
18 2.40325445257
5 0.587309471544
5 0.587309471544
10 1.25892541179
10 1.25892541179
5 0.587309471544
6 0.717738719311
71 10.8738711768
8 0.984915530676
5 0.587309471544
6 0.717738719311
5 0.587309471544
8 0.984915530676
9 1.12115784565
8 0.984915530676
5 0.587309471544
5 0.587309471544
5 0.587309471544
5 0.587309471544
6 0.717738719311
8 0.984915530676
12 1.53850662478
6 0.717738719311
9 1.12115784565
5 0.587309471544
6 0.717738719311
13 1.68010988702
5 0.587309471544
8 0.984915530676
6 0.717738719311
7 0.850369830827
14 1.82280763604
5 0.587309471544
9 1.12115784565
8 0.984915530676
10 1.25892541179
8 0.984915530676
5 0.587309471544
33 4.68128771387
9 1.12115784565
5 0.587309471544
6 0.717738719311
19 2.55052133683
7 0.850369830827
5 0.587309471544
5 0.587309471544
5 0.587309471544
7 0.850369830827
6 0.717738719311
5 0.587309471544
5 0.587309471544
5 0.587309471544
37 5.309112113
16 2.11121265724
10 1.25892541179
7 0.850369830827
5 0.587309471544
6 0.717738719311
21 2.84735242406
5 0.587309471544
5 0.587309471544
7 0.850369830827
7 0.850369830827
26 3.6013943821
5 0.587309471544
5 0.587309471544
9 1.12115784565
5 0.587309471544
5 0.587309471544
8 0.984915530676
10 1.25892541179
93 14.6329282599
5 0.587309471544
7 0.850369830827
8 0.984915530676
8 0.984915530676
8 0.984915530676
16 2.11121265724
8 0.984915530676
15 1.96652913456
17 2.25680384731
5 0.587309471544
7 0.850369830827
8 0.984915530676
29 4.06104496075
6 0.717738719311
9 1.12115784565
5 0.587309471544
6 0.717738719311
8 0.984915530676
10 1.25892541179
5 0.587309471544
22 2.99684960642
10 1.25892541179
8 0.984915530676
5 0.587309471544
10 1.25892541179
5 0.587309471544
7 0.850369830827
9 1.12115784565
5 0.587309471544
6 0.717738719311
11 1.39807977673
6 0.717738719311
8 0.984915530676
5 0.587309471544
5 0.587309471544
11 1.39807977673
5 0.587309471544
6 0.717738719311
5 0.587309471544
5 0.587309471544
9 1.12115784565
6 0.717738719311
9 1.12115784565
5 0.587309471544
7 0.850369830827
9 1.12115784565
45 6.58466621848
21 2.84735242406
9 1.12115784565
12 1.53850662478
5 0.587309471544
6 0.717738719311
14 1.82280763604
6 0.717738719311
5 0.587309471544
110 17.6007815864
10 1.25892541179
5 0.587309471544
6 0.717738719311
8 0.984915530676
5 0.587309471544
246 42.6607629164
6 0.717738719311
9 1.12115784565
5 0.587309471544
10 1.25892541179
8 0.984915530676
5 0.587309471544
5 0.587309471544
6 0.717738719311
5 0.587309471544
8 0.984915530676
8 0.984915530676
6 0.717738719311
16 2.11121265724
6 0.717738719311
7 0.850369830827
6 0.717738719311
5 0.587309471544
9 1.12115784565
6 0.717738719311
7 0.850369830827
7 0.850369830827
5 0.587309471544
5 0.587309471544
12 1.53850662478
7 0.850369830827
6 0.717738719311
5 0.587309471544
5 0.587309471544
5 0.587309471544
5 0.587309471544
5 0.587309471544
11 1.39807977673
12 1.53850662478
5 0.587309471544
5 0.587309471544
6 0.717738719311
5 0.587309471544
6 0.717738719311
8 0.984915530676
7 0.850369830827
8 0.984915530676
8 0.984915530676
5 0.587309471544
6 0.717738719311
16 2.11121265724
10 1.25892541179
6 0.717738719311
5 0.587309471544
7 0.850369830827
5 0.587309471544
16 2.11121265724
5 0.587309471544
16 2.11121265724
11 1.39807977673
7 0.850369830827
6 0.717738719311
18 2.40325445257
13 1.68010988702
7 0.850369830827
16 2.11121265724
120 19.3686508615
5 0.587309471544
6 0.717738719311
6 0.717738719311
6 0.717738719311
5 0.587309471544
7 0.850369830827
9 1.12115784565
11 1.39807977673
5 0.587309471544
5 0.587309471544
7 0.850369830827
6 0.717738719311
17 2.25680384731
7 0.850369830827
27 3.75405075985
7 0.850369830827
6 0.717738719311
6 0.717738719311
20 2.69856569535
8 0.984915530676
5 0.587309471544
27 3.75405075985
6 0.717738719311
57 8.5400879097
6 0.717738719311
6 0.717738719311
15 1.96652913456
6 0.717738719311
7 0.850369830827
5 0.587309471544
12 1.53850662478
5 0.587309471544
6 0.717738719311
7 0.850369830827
6 0.717738719311
5 0.587309471544
5 0.587309471544
6 0.717738719311
5 0.587309471544
5 0.587309471544
9 1.12115784565
5 0.587309471544
6 0.717738719311
7 0.850369830827
5 0.587309471544
6 0.717738719311
8 0.984915530676
7 0.850369830827
12 1.53850662478
6 0.717738719311
5 0.587309471544
8 0.984915530676
5 0.587309471544
5 0.587309471544
5 0.587309471544
6 0.717738719311
6 0.717738719311
6 0.717738719311
5 0.587309471544
22 2.99684960642
8 0.984915530676
5 0.587309471544
5 0.587309471544
9 1.12115784565
6 0.717738719311
7 0.850369830827
9 1.12115784565
10 1.25892541179
9 1.12115784565
18 2.40325445257
7 0.850369830827
7 0.850369830827
5 0.587309471544
6 0.717738719311
7 0.850369830827
8 0.984915530676
5 0.587309471544
5 0.587309471544
5 0.587309471544
5 0.587309471544
5 0.587309471544
5 0.587309471544
5 0.587309471544
6 0.717738719311
5 0.587309471544
6 0.717738719311
7 0.850369830827
10 1.25892541179
53 7.88321654769
7 0.850369830827
12 1.53850662478
10 1.25892541179
26 3.6013943821
8 0.984915530676
9 1.12115784565
7 0.850369830827
9 1.12115784565
5 0.587309471544
8 0.984915530676
12 1.53850662478
5 0.587309471544
20 2.69856569535
12 1.53850662478
23 3.14702809165
10 1.25892541179
10 1.25892541179
5 0.587309471544
21 2.84735242406
121 19.546270621
13 1.68010988702
7 0.850369830827
22 2.99684960642
6 0.717738719311
5 0.587309471544
6 0.717738719311
5 0.587309471544
6 0.717738719311
5 0.587309471544
5 0.587309471544
7 0.850369830827
11 1.39807977673
28 3.90727370324
12 1.53850662478
5 0.587309471544
5 0.587309471544
9 1.12115784565
6 0.717738719311
7 0.850369830827
10 1.25892541179
9 1.12115784565
22 2.99684960642
17 2.25680384731
36 5.15148869198
5 0.587309471544
9 1.12115784565
5 0.587309471544
6 0.717738719311
15 1.96652913456
5 0.587309471544
7 0.850369830827
5 0.587309471544
40 5.78450219837
9 1.12115784565
7 0.850369830827
7 0.850369830827
5 0.587309471544
6 0.717738719311
6 0.717738719311
5 0.587309471544
5 0.587309471544
5 0.587309471544
18 2.40325445257
10 1.25892541179
6 0.717738719311
5 0.587309471544
5 0.587309471544
49 7.23128849181
6 0.717738719311
6 0.717738719311
12 1.53850662478
11 1.39807977673
6 0.717738719311
7 0.850369830827
8 0.984915530676
5 0.587309471544
5 0.587309471544
6 0.717738719311
5 0.587309471544
6 0.717738719311
19 2.55052133683
6 0.717738719311
5 0.587309471544
11 1.39807977673
6 0.717738719311
9 1.12115784565
6 0.717738719311
6 0.717738719311
5 0.587309471544
15 1.96652913456
6 0.717738719311
5 0.587309471544
10 1.25892541179
5 0.587309471544
5 0.587309471544
5 0.587309471544
13 1.68010988702
5 0.587309471544
22 2.99684960642
5 0.587309471544
5 0.587309471544
8 0.984915530676
5 0.587309471544
6 0.717738719311
5 0.587309471544
16 2.11121265724
5 0.587309471544
28 3.90727370324
23 3.14702809165
12 1.53850662478
12 1.53850662478
9 1.12115784565
6 0.717738719311
7 0.850369830827
8 0.984915530676
11 1.39807977673
13 1.68010988702
5 0.587309471544
48 7.06912011617
6 0.717738719311
5 0.587309471544
7 0.850369830827
6 0.717738719311
5 0.587309471544
10 1.25892541179
8 0.984915530676
5 0.587309471544
25 3.44932415365
7 0.850369830827
5 0.587309471544
8 0.984915530676
5 0.587309471544
5 0.587309471544
13 1.68010988702
5 0.587309471544
5 0.587309471544
8 0.984915530676
9 1.12115784565
6 0.717738719311
6 0.717738719311
6 0.717738719311
5 0.587309471544
6 0.717738719311
8 0.984915530676
8 0.984915530676
6 0.717738719311
22 2.99684960642
10 1.25892541179
8 0.984915530676
6 0.717738719311
10 1.25892541179
6 0.717738719311
5 0.587309471544
8 0.984915530676
10 1.25892541179
5 0.587309471544
5 0.587309471544
6 0.717738719311
11 1.39807977673
5 0.587309471544
16 2.11121265724
8 0.984915530676
5 0.587309471544
5 0.587309471544
6 0.717738719311
5 0.587309471544
5 0.587309471544
5 0.587309471544
16 2.11121265724
6 0.717738719311
7 0.850369830827
5 0.587309471544
6 0.717738719311
5 0.587309471544
5 0.587309471544
9 1.12115784565
12 1.53850662478
6 0.717738719311
5 0.587309471544
6 0.717738719311
10 1.25892541179
6 0.717738719311
5 0.587309471544
5 0.587309471544
5 0.587309471544
5 0.587309471544
5 0.587309471544
9 1.12115784565
5 0.587309471544
5 0.587309471544
5 0.587309471544
6 0.717738719311
5 0.587309471544
5 0.587309471544
13 1.68010988702
9 1.12115784565
8 0.984915530676
6 0.717738719311
5 0.587309471544
7 0.850369830827
7 0.850369830827
10 1.25892541179
6 0.717738719311
9 1.12115784565
11 1.39807977673
5 0.587309471544
5 0.587309471544
7 0.850369830827
8 0.984915530676
9 1.12115784565
5 0.587309471544
5 0.587309471544
5 0.587309471544
6 0.717738719311
6 0.717738719311
7 0.850369830827
7 0.850369830827
15 1.96652913456
5 0.587309471544
5 0.587309471544
55 8.21105494848
5 0.587309471544
6 0.717738719311
12 1.53850662478
16 2.11121265724
6 0.717738719311
5 0.587309471544
10 1.25892541179
8 0.984915530676
17 2.25680384731
51 7.5566132197
5 0.587309471544
7 0.850369830827
5 0.587309471544
5 0.587309471544
7 0.850369830827
5 0.587309471544
8 0.984915530676
9 1.12115784565
6 0.717738719311
8 0.984915530676
5 0.587309471544
6 0.717738719311
5 0.587309471544
7 0.850369830827
5 0.587309471544
13 1.68010988702
6 0.717738719311
5 0.587309471544
5 0.587309471544
19 2.55052133683
27 3.75405075985
5 0.587309471544
5 0.587309471544
5 0.587309471544
8 0.984915530676
7 0.850369830827
6 0.717738719311
9 1.12115784565
6 0.717738719311
23 3.14702809165
6 0.717738719311
5 0.587309471544
7 0.850369830827
5 0.587309471544
5 0.587309471544
6 0.717738719311
6 0.717738719311
5 0.587309471544
13 1.68010988702
5 0.587309471544
11 1.39807977673
7 0.850369830827
6 0.717738719311
7 0.850369830827
14 1.82280763604
16 2.11121265724
44 6.42388775874
6 0.717738719311
5 0.587309471544
5 0.587309471544
5 0.587309471544
6 0.717738719311
8 0.984915530676
18 2.40325445257
5 0.587309471544
5 0.587309471544
5 0.587309471544
9 1.12115784565
12 1.53850662478
6 0.717738719311
9 1.12115784565
6 0.717738719311
54 8.04698396285
21 2.84735242406
8 0.984915530676
7 0.850369830827
7 0.850369830827
10 1.25892541179
7 0.850369830827
6 0.717738719311
12 1.53850662478
5 0.587309471544
7 0.850369830827
9 1.12115784565
13 1.68010988702
6 0.717738719311
7 0.850369830827
17 2.25680384731
23 3.14702809165
5 0.587309471544
5 0.587309471544
6 0.717738719311
54 8.04698396285
6 0.717738719311
20 2.69856569535
10 1.25892541179
5 0.587309471544
5 0.587309471544
8 0.984915530676
5 0.587309471544
6 0.717738719311
9 1.12115784565
7 0.850369830827
7 0.850369830827
11 1.39807977673
5 0.587309471544
6 0.717738719311
7 0.850369830827
6 0.717738719311
5 0.587309471544
8 0.984915530676
9 1.12115784565
21 2.84735242406
12 1.53850662478
6 0.717738719311
5 0.587309471544
7 0.850369830827
5 0.587309471544
7 0.850369830827
6 0.717738719311
6 0.717738719311
8 0.984915530676
6 0.717738719311
13 1.68010988702
6 0.717738719311
5 0.587309471544
5 0.587309471544
16 2.11121265724
8 0.984915530676
5 0.587309471544
5 0.587309471544
9 1.12115784565
6 0.717738719311
16 2.11121265724
16 2.11121265724
10 1.25892541179
5 0.587309471544
5 0.587309471544
12 1.53850662478
7 0.850369830827
5 0.587309471544
9 1.12115784565
5 0.587309471544
6 0.717738719311
26 3.6013943821
7 0.850369830827
7 0.850369830827
7 0.850369830827
5 0.587309471544
5 0.587309471544
8 0.984915530676
5 0.587309471544
10 1.25892541179
8 0.984915530676
7 0.850369830827
6 0.717738719311
7 0.850369830827
5 0.587309471544
10 1.25892541179
5 0.587309471544
5 0.587309471544
6 0.717738719311
8 0.984915530676
9 1.12115784565
42 6.10343353319
13 1.68010988702
8 0.984915530676
6 0.717738719311
5 0.587309471544
14 1.82280763604
6 0.717738719311
5 0.587309471544
9 1.12115784565
5 0.587309471544
5 0.587309471544
7 0.850369830827
9 1.12115784565
7 0.850369830827
9 1.12115784565
8 0.984915530676
5 0.587309471544
5 0.587309471544
5 0.587309471544
16 2.11121265724
10 1.25892541179
17 2.25680384731
11 1.39807977673
15 1.96652913456
7 0.850369830827
5 0.587309471544
5 0.587309471544
5 0.587309471544
10 1.25892541179
6 0.717738719311
5 0.587309471544
5 0.587309471544
5 0.587309471544
5 0.587309471544
6 0.717738719311
5 0.587309471544
9 1.12115784565
8 0.984915530676
12 1.53850662478
9 1.12115784565
6 0.717738719311
11 1.39807977673
8 0.984915530676
6 0.717738719311
10 1.25892541179
9 1.12115784565
6 0.717738719311
6 0.717738719311
7 0.850369830827
7 0.850369830827
6 0.717738719311
8 0.984915530676
7 0.850369830827
5 0.587309471544
10 1.25892541179
10 1.25892541179
9 1.12115784565
9 1.12115784565
10 1.25892541179
8 0.984915530676
14 1.82280763604
5 0.587309471544
5 0.587309471544
17 2.25680384731
47 6.90728926279
5 0.587309471544
65 9.86744449879
8 0.984915530676
6 0.717738719311
6 0.717738719311
6 0.717738719311
12 1.53850662478
9 1.12115784565
10 1.25892541179
5 0.587309471544
7 0.850369830827
7 0.850369830827
5 0.587309471544
5 0.587309471544
19 2.55052133683
5 0.587309471544
10 1.25892541179
6 0.717738719311
8 0.984915530676
7 0.850369830827
10 1.25892541179
5 0.587309471544
7 0.850369830827
9 1.12115784565
9 1.12115784565
12 1.53850662478
6 0.717738719311
9 1.12115784565
15 1.96652913456
10 1.25892541179
29 4.06104496075
38 5.46716216889
6 0.717738719311
11 1.39807977673
9 1.12115784565
13 1.68010988702
11 1.39807977673
9 1.12115784565
5 0.587309471544
5 0.587309471544
5 0.587309471544
18 2.40325445257
5 0.587309471544
6 0.717738719311
13 1.68010988702
11 1.39807977673
6 0.717738719311
5 0.587309471544
6 0.717738719311
6 0.717738719311
5 0.587309471544
7 0.850369830827
6 0.717738719311
10 1.25892541179
5 0.587309471544
11 1.39807977673
5 0.587309471544
6 0.717738719311
6 0.717738719311
7 0.850369830827
8 0.984915530676
7 0.850369830827
6 0.717738719311
7 0.850369830827
6 0.717738719311
5 0.587309471544
5 0.587309471544
5 0.587309471544
6 0.717738719311
5 0.587309471544
7 0.850369830827
6 0.717738719311
11 1.39807977673
13 1.68010988702
5 0.587309471544
5 0.587309471544
10 1.25892541179
13 1.68010988702
10 1.25892541179
8 0.984915530676
17 2.25680384731
10 1.25892541179
7 0.850369830827
6 0.717738719311
5 0.587309471544
5 0.587309471544
7 0.850369830827
5 0.587309471544
12 1.53850662478
16 2.11121265724
12 1.53850662478
9 1.12115784565
7 0.850369830827
13 1.68010988702
5 0.587309471544
5 0.587309471544
6 0.717738719311
5 0.587309471544
7 0.850369830827
6 0.717738719311
12 1.53850662478
5 0.587309471544
7 0.850369830827
13 1.68010988702
9 1.12115784565
6 0.717738719311
6 0.717738719311
6 0.717738719311
5 0.587309471544
5 0.587309471544
11 1.39807977673
5 0.587309471544
5 0.587309471544
20 2.69856569535
6 0.717738719311
5 0.587309471544
7 0.850369830827
23 3.14702809165
7 0.850369830827
13 1.68010988702
5 0.587309471544
9 1.12115784565
38 5.46716216889
5 0.587309471544
6 0.717738719311
18 2.40325445257
5 0.587309471544
7 0.850369830827
5 0.587309471544
5 0.587309471544
15 1.96652913456
5 0.587309471544
5 0.587309471544
10 1.25892541179
5 0.587309471544
10 1.25892541179
6 0.717738719311
28 3.90727370324
10 1.25892541179
7 0.850369830827
5 0.587309471544
5 0.587309471544
6 0.717738719311
6 0.717738719311
7 0.850369830827
8 0.984915530676
5 0.587309471544
12 1.53850662478
5 0.587309471544
6 0.717738719311
12 1.53850662478
131 21.3303717861
5 0.587309471544
6 0.717738719311
7 0.850369830827
9 1.12115784565
31 4.3701652889
13 1.68010988702
37 5.309112113
20 2.69856569535
5 0.587309471544
5 0.587309471544
6 0.717738719311
7 0.850369830827
