6 1.02706191565
6 1.02706191565
7 1.25495297376
13 2.80624999775
5 0.810328298346
6 1.02706191565
15 3.38001507126
27 7.25726352471
7 1.25495297376
5 0.810328298346
7 1.25495297376
204 100.581756973
33 9.42037349462
5 0.810328298346
7 1.25495297376
6 1.02706191565
7 1.25495297376
21 5.23461907193
5 0.810328298346
6 1.02706191565
6 1.02706191565
8 1.49285278646
8 1.49285278646
5 0.810328298346
5 0.810328298346
11 2.25845005502
12 2.52892307921
5 0.810328298346
5 0.810328298346
9 1.73986384044
7 1.25495297376
8 1.49285278646
9 1.73986384044
8 1.49285278646
38 11.3166706197
8 1.49285278646
5 0.810328298346
5 0.810328298346
24 6.22693904151
6 1.02706191565
5 0.810328298346
17 3.97725647726
7 1.25495297376
6 1.02706191565
6 1.02706191565
5 0.810328298346
5 0.810328298346
5 0.810328298346
8 1.49285278646
6 1.02706191565
6 1.02706191565
5 0.810328298346
6 1.02706191565
5 0.810328298346
8 1.49285278646
27 7.25726352471
30 8.32257334402
11 2.25845005502
6 1.02706191565
9 1.73986384044
5 0.810328298346
14 3.09005668532
7 1.25495297376
5 0.810328298346
6 1.02706191565
5 0.810328298346
6 1.02706191565
5 0.810328298346
6 1.02706191565
5 0.810328298346
5 0.810328298346
8 1.49285278646
14 3.09005668532
9 1.73986384044
6 1.02706191565
11 2.25845005502
5 0.810328298346
5 0.810328298346
7 1.25495297376
5 0.810328298346
7 1.25495297376
7 1.25495297376
5 0.810328298346
15 3.38001507126
5 0.810328298346
6 1.02706191565
6 1.02706191565
7 1.25495297376
7 1.25495297376
8 1.49285278646
9 1.73986384044
7 1.25495297376
9 1.73986384044
9 1.73986384044
16 3.67583473599
30 8.32257334402
5 0.810328298346
6 1.02706191565
7 1.25495297376
8 1.49285278646
7 1.25495297376
6 1.02706191565
12 2.52892307921
5 0.810328298346
16 3.67583473599
8 1.49285278646
8 1.49285278646
13 2.80624999775
6 1.02706191565
24 6.22693904151
5 0.810328298346
8 1.49285278646
5 0.810328298346
7 1.25495297376
15 3.38001507126
5 0.810328298346
7 1.25495297376
5 0.810328298346
9 1.73986384044
5 0.810328298346
7 1.25495297376
5 0.810328298346
10 1.99526231497
8 1.49285278646
6 1.02706191565
10 1.99526231497
12 2.52892307921
6 1.02706191565
6 1.02706191565
6 1.02706191565
22 5.56095633612
20 4.91291210446
9 1.73986384044
9 1.73986384044
5 0.810328298346
5 0.810328298346
7 1.25495297376
5 0.810328298346
8 1.49285278646
6 1.02706191565
5 0.810328298346
11 2.25845005502
5 0.810328298346
6 1.02706191565
6 1.02706191565
8 1.49285278646
6 1.02706191565
6 1.02706191565
8 1.49285278646
6 1.02706191565
14 3.09005668532
47 14.9185706497
5 0.810328298346
12 2.52892307921
9 1.73986384044
5 0.810328298346
8 1.49285278646
5 0.810328298346
5 0.810328298346
7 1.25495297376
9 1.73986384044
63 21.834473005
5 0.810328298346
11 2.25845005502
6 1.02706191565
6 1.02706191565
6 1.02706191565
5 0.810328298346
6 1.02706191565
6 1.02706191565
6 1.02706191565
15 3.38001507126
7 1.25495297376
6 1.02706191565
22 5.56095633612
5 0.810328298346
6 1.02706191565
5 0.810328298346
6 1.02706191565
5 0.810328298346
5 0.810328298346
5 0.810328298346
6 1.02706191565
5 0.810328298346
5 0.810328298346
7 1.25495297376
7 1.25495297376
7 1.25495297376
6 1.02706191565
12 2.52892307921
6 1.02706191565
6 1.02706191565
14 3.09005668532
11 2.25845005502
6 1.02706191565
5 0.810328298346
5 0.810328298346
5 0.810328298346
6 1.02706191565
5 0.810328298346
6 1.02706191565
12 2.52892307921
5 0.810328298346
7 1.25495297376
9 1.73986384044
6 1.02706191565
22 5.56095633612
7 1.25495297376
6 1.02706191565
24 6.22693904151
25 6.56631951101
6 1.02706191565
9 1.73986384044
5 0.810328298346
5 0.810328298346
10 1.99526231497
5 0.810328298346
6 1.02706191565
9 1.73986384044
5 0.810328298346
5 0.810328298346
10 1.99526231497
5 0.810328298346
7 1.25495297376
5 0.810328298346
76 27.8649116223
6 1.02706191565
20 4.91291210446
53 17.4404879108
5 0.810328298346
16 3.67583473599
14 3.09005668532
27 7.25726352471
5 0.810328298346
7 1.25495297376
5 0.810328298346
11 2.25845005502
5 0.810328298346
5 0.810328298346
10 1.99526231497
6 1.02706191565
17 3.97725647726
5 0.810328298346
6 1.02706191565
5 0.810328298346
15 3.38001507126
5 0.810328298346
6 1.02706191565
5 0.810328298346
16 3.67583473599
6 1.02706191565
5 0.810328298346
15 3.38001507126
13 2.80624999775
5 0.810328298346
5 0.810328298346
6 1.02706191565
5 0.810328298346
8 1.49285278646
8 1.49285278646
11 2.25845005502
6 1.02706191565
5 0.810328298346
8 1.49285278646
10 1.99526231497
20 4.91291210446
7 1.25495297376
5 0.810328298346
15 3.38001507126
6 1.02706191565
5 0.810328298346
6 1.02706191565
5 0.810328298346
12 2.52892307921
7 1.25495297376
5 0.810328298346
5 0.810328298346
5 0.810328298346
5 0.810328298346
5 0.810328298346
8 1.49285278646
9 1.73986384044
7 1.25495297376
8 1.49285278646
54 17.8694788892
5 0.810328298346
6 1.02706191565
11 2.25845005502
7 1.25495297376
9 1.73986384044
13 2.80624999775
5 0.810328298346
7 1.25495297376
5 0.810328298346
6 1.02706191565
8 1.49285278646
16 3.67583473599
10 1.99526231497
8 1.49285278646
6 1.02706191565
20 4.91291210446
8 1.49285278646
8 1.49285278646
12 2.52892307921
8 1.49285278646
5 0.810328298346
25 6.56631951101
5 0.810328298346
5 0.810328298346
21 5.23461907193
5 0.810328298346
14 3.09005668532
7 1.25495297376
6 1.02706191565
6 1.02706191565
5 0.810328298346
8 1.49285278646
5 0.810328298346
5 0.810328298346
6 1.02706191565
6 1.02706191565
6 1.02706191565
8 1.49285278646
10 1.99526231497
9 1.73986384044
5 0.810328298346
6 1.02706191565
6 1.02706191565
27 7.25726352471
6 1.02706191565
9 1.73986384044
6 1.02706191565
5 0.810328298346
5 0.810328298346
6 1.02706191565
9 1.73986384044
5 0.810328298346
7 1.25495297376
18 4.28404729427
5 0.810328298346
5 0.810328298346
13 2.80624999775
6 1.02706191565
8 1.49285278646
7 1.25495297376
5 0.810328298346
9 1.73986384044
5 0.810328298346
8 1.49285278646
6 1.02706191565
30 8.32257334402
9 1.73986384044
18 4.28404729427
5 0.810328298346
11 2.25845005502
5 0.810328298346
6 1.02706191565
8 1.49285278646
7 1.25495297376
5 0.810328298346
8 1.49285278646
6 1.02706191565
6 1.02706191565
7 1.25495297376
13 2.80624999775
11 2.25845005502
9 1.73986384044
11 2.25845005502
21 5.23461907193
10 1.99526231497
7 1.25495297376
82 30.7579940155
15 3.38001507126
5 0.810328298346
6 1.02706191565
12 2.52892307921
5 0.810328298346
5 0.810328298346
7 1.25495297376
5 0.810328298346
5 0.810328298346
7 1.25495297376
13 2.80624999775
6 1.02706191565
11 2.25845005502
5 0.810328298346
6 1.02706191565
26 6.90979801435
6 1.02706191565
5 0.810328298346
24 6.22693904151
5 0.810328298346
5 0.810328298346
6 1.02706191565
47 14.9185706497
5 0.810328298346
13 2.80624999775
12 2.52892307921
5 0.810328298346
15 3.38001507126
6 1.02706191565
7 1.25495297376
5 0.810328298346
11 2.25845005502
29 7.96374595075
8 1.49285278646
5 0.810328298346
8 1.49285278646
5 0.810328298346
7 1.25495297376
6 1.02706191565
5 0.810328298346
11 2.25845005502
5 0.810328298346
6 1.02706191565
5 0.810328298346
5 0.810328298346
43 13.2895107334
22 5.56095633612
6 1.02706191565
7 1.25495297376
5 0.810328298346
5 0.810328298346
9 1.73986384044
6 1.02706191565
6 1.02706191565
12 2.52892307921
12 2.52892307921
11 2.25845005502
5 0.810328298346
14 3.09005668532
5 0.810328298346
5 0.810328298346
5 0.810328298346
6 1.02706191565
5 0.810328298346
5 0.810328298346
6 1.02706191565
5 0.810328298346
5 0.810328298346
13 2.80624999775
12 2.52892307921
6 1.02706191565
7 1.25495297376
7 1.25495297376
6 1.02706191565
5 0.810328298346
5 0.810328298346
14 3.09005668532
16 3.67583473599
36 10.5485617857
7 1.25495297376
40 12.0970085813
8 1.49285278646
5 0.810328298346
5 0.810328298346
7 1.25495297376
5 0.810328298346
15 3.38001507126
7 1.25495297376
8 1.49285278646
8 1.49285278646
11 2.25845005502
5 0.810328298346
32 9.05096679919
5 0.810328298346
6 1.02706191565
51 16.5898030006
5 0.810328298346
5 0.810328298346
7 1.25495297376
9 1.73986384044
17 3.97725647726
5 0.810328298346
5 0.810328298346
5 0.810328298346
6 1.02706191565
9 1.73986384044
5 0.810328298346
8 1.49285278646
8 1.49285278646
8 1.49285278646
5 0.810328298346
6 1.02706191565
9 1.73986384044
6 1.02706191565
5 0.810328298346
10 1.99526231497
7 1.25495297376
5 0.810328298346
5 0.810328298346
9 1.73986384044
13 2.80624999775
5 0.810328298346
6 1.02706191565
9 1.73986384044
7 1.25495297376
7 1.25495297376
5 0.810328298346
9 1.73986384044
6 1.02706191565
10 1.99526231497
13 2.80624999775
10 1.99526231497
5 0.810328298346
6 1.02706191565
5 0.810328298346
5 0.810328298346
7 1.25495297376
7 1.25495297376
8 1.49285278646
5 0.810328298346
14 3.09005668532
5 0.810328298346
16 3.67583473599
9 1.73986384044
9 1.73986384044
10 1.99526231497
5 0.810328298346
6 1.02706191565
5 0.810328298346
6 1.02706191565
9 1.73986384044
9 1.73986384044
11 2.25845005502
5 0.810328298346
5 0.810328298346
7 1.25495297376
15 3.38001507126
6 1.02706191565
8 1.49285278646
5 0.810328298346
5 0.810328298346
5 0.810328298346
7 1.25495297376
5 0.810328298346
33 9.42037349462
19 4.59599641483
7 1.25495297376
8 1.49285278646
7 1.25495297376
7 1.25495297376
6 1.02706191565
5 0.810328298346
20 4.91291210446
6 1.02706191565
5 0.810328298346
9 1.73986384044
9 1.73986384044
5 0.810328298346
5 0.810328298346
5 0.810328298346
14 3.09005668532
46 14.5072528721
136 59.3745841454
6 1.02706191565
12 2.52892307921
7 1.25495297376
5 0.810328298346
5 0.810328298346
7 1.25495297376
6 1.02706191565
10 1.99526231497
8 1.49285278646
6 1.02706191565
5 0.810328298346
9 1.73986384044
6 1.02706191565
30 8.32257334402
6 1.02706191565
6 1.02706191565
9 1.73986384044
6 1.02706191565
7 1.25495297376
6 1.02706191565
9 1.73986384044
29 7.96374595075
13 2.80624999775
7 1.25495297376
97 38.2651354124
5 0.810328298346
7 1.25495297376
5 0.810328298346
6 1.02706191565
5 0.810328298346
13 2.80624999775
7 1.25495297376
5 0.810328298346
7 1.25495297376
20 4.91291210446
6 1.02706191565
12 2.52892307921
8 1.49285278646
9 1.73986384044
6 1.02706191565
5 0.810328298346
6 1.02706191565
6 1.02706191565
6 1.02706191565
6 1.02706191565
7 1.25495297376
8 1.49285278646
6 1.02706191565
14 3.09005668532
7 1.25495297376
5 0.810328298346
10 1.99526231497
71 25.5056181412
27 7.25726352471
13 2.80624999775
7 1.25495297376
5 0.810328298346
6 1.02706191565
7 1.25495297376
9 1.73986384044
7 1.25495297376
8 1.49285278646
10 1.99526231497
8 1.49285278646
16 3.67583473599
16 3.67583473599
6 1.02706191565
7 1.25495297376
6 1.02706191565
11 2.25845005502
5 0.810328298346
5 0.810328298346
5 0.810328298346
8 1.49285278646
8 1.49285278646
9 1.73986384044
6 1.02706191565
6 1.02706191565
6 1.02706191565
7 1.25495297376
11 2.25845005502
8 1.49285278646
5 0.810328298346
9 1.73986384044
13 2.80624999775
7 1.25495297376
5 0.810328298346
6 1.02706191565
6 1.02706191565
7 1.25495297376
7 1.25495297376
5 0.810328298346
5 0.810328298346
5 0.810328298346
5 0.810328298346
7 1.25495297376
12 2.52892307921
7 1.25495297376
5 0.810328298346
6 1.02706191565
6 1.02706191565
5 0.810328298346
5 0.810328298346
5 0.810328298346
7 1.25495297376
6 1.02706191565
19 4.59599641483
6 1.02706191565
19 4.59599641483
8 1.49285278646
6 1.02706191565
5 0.810328298346
6 1.02706191565
7 1.25495297376
5 0.810328298346
9 1.73986384044
7 1.25495297376
5 0.810328298346
5 0.810328298346
7 1.25495297376
5 0.810328298346
8 1.49285278646
6 1.02706191565
6 1.02706191565
9 1.73986384044
11 2.25845005502
5 0.810328298346
5 0.810328298346
5 0.810328298346
12 2.52892307921
5 0.810328298346
5 0.810328298346
7 1.25495297376
6 1.02706191565
6 1.02706191565
6 1.02706191565
8 1.49285278646
14 3.09005668532
5 0.810328298346
7 1.25495297376
5 0.810328298346
22 5.56095633612
5 0.810328298346
58 19.6090426731
9 1.73986384044
8 1.49285278646
5 0.810328298346
9 1.73986384044
14 3.09005668532
5 0.810328298346
8 1.49285278646
5 0.810328298346
8 1.49285278646
6 1.02706191565
5 0.810328298346
5 0.810328298346
7 1.25495297376
5 0.810328298346
5 0.810328298346
5 0.810328298346
5 0.810328298346
5 0.810328298346
52 17.0139184454
5 0.810328298346
7 1.25495297376
8 1.49285278646
5 0.810328298346
13 2.80624999775
5 0.810328298346
7 1.25495297376
5 0.810328298346
7 1.25495297376
9 1.73986384044
5 0.810328298346
6 1.02706191565
9 1.73986384044
5 0.810328298346
7 1.25495297376
5 0.810328298346
11 2.25845005502
5 0.810328298346
6 1.02706191565
6 1.02706191565
6 1.02706191565
5 0.810328298346
7 1.25495297376
6 1.02706191565
5 0.810328298346
5 0.810328298346
6 1.02706191565
26 6.90979801435
5 0.810328298346
10 1.99526231497
5 0.810328298346
5 0.810328298346
5 0.810328298346
7 1.25495297376
13 2.80624999775
7 1.25495297376
7 1.25495297376
11 2.25845005502
7 1.25495297376
8 1.49285278646
6 1.02706191565
5 0.810328298346
10 1.99526231497
5 0.810328298346
13 2.80624999775
5 0.810328298346
12 2.52892307921
5 0.810328298346
33 9.42037349462
8 1.49285278646
6 1.02706191565
7 1.25495297376
5 0.810328298346
13 2.80624999775
5 0.810328298346
9 1.73986384044
5 0.810328298346
8 1.49285278646
5 0.810328298346
6 1.02706191565
5 0.810328298346
7 1.25495297376
17 3.97725647726
8 1.49285278646
8 1.49285278646
96 37.7530986554
6 1.02706191565
13 2.80624999775
6 1.02706191565
9 1.73986384044
13 2.80624999775
9 1.73986384044
16 3.67583473599
8 1.49285278646
6 1.02706191565
5 0.810328298346
5 0.810328298346
5 0.810328298346
11 2.25845005502
5 0.810328298346
5 0.810328298346
8 1.49285278646
5 0.810328298346
5 0.810328298346
8 1.49285278646
6 1.02706191565
7 1.25495297376
5 0.810328298346
5 0.810328298346
6 1.02706191565
5 0.810328298346
8 1.49285278646
6 1.02706191565
6 1.02706191565
6 1.02706191565
11 2.25845005502
20 4.91291210446
5 0.810328298346
5 0.810328298346
6 1.02706191565
6 1.02706191565
7 1.25495297376
6 1.02706191565
6 1.02706191565
17 3.97725647726
9 1.73986384044
7 1.25495297376
17 3.97725647726
8 1.49285278646
9 1.73986384044
5 0.810328298346
7 1.25495297376
15 3.38001507126
11 2.25845005502
5 0.810328298346
7 1.25495297376
9 1.73986384044
9 1.73986384044
8 1.49285278646
8 1.49285278646
11 2.25845005502
5 0.810328298346
5 0.810328298346
5 0.810328298346
5 0.810328298346
5 0.810328298346
6 1.02706191565
6 1.02706191565
5 0.810328298346
10 1.99526231497
5 0.810328298346
12 2.52892307921
6 1.02706191565
6 1.02706191565
5 0.810328298346
5 0.810328298346
5 0.810328298346
15 3.38001507126
11 2.25845005502
5 0.810328298346
16 3.67583473599
9 1.73986384044
21 5.23461907193
10 1.99526231497
14 3.09005668532
8 1.49285278646
6 1.02706191565
5 0.810328298346
7 1.25495297376
12 2.52892307921
6 1.02706191565
5 0.810328298346
5 0.810328298346
8 1.49285278646
8 1.49285278646
5 0.810328298346
5 0.810328298346
5 0.810328298346
5 0.810328298346
10 1.99526231497
5 0.810328298346
9 1.73986384044
5 0.810328298346
9 1.73986384044
5 0.810328298346
5 0.810328298346
9 1.73986384044
8 1.49285278646
5 0.810328298346
6 1.02706191565
8 1.49285278646
36 10.5485617857
5 0.810328298346
6 1.02706191565
5 0.810328298346
6 1.02706191565
5 0.810328298346
5 0.810328298346
5 0.810328298346
5 0.810328298346
5 0.810328298346
5 0.810328298346
5 0.810328298346
21 5.23461907193
9 1.73986384044
6 1.02706191565
6 1.02706191565
7 1.25495297376
7 1.25495297376
5 0.810328298346
8 1.49285278646
39 11.7053388182
5 0.810328298346
7 1.25495297376
24 6.22693904151
6 1.02706191565
10 1.99526231497
10 1.99526231497
11 2.25845005502
8 1.49285278646
5 0.810328298346
10 1.99526231497
5 0.810328298346
24 6.22693904151
6 1.02706191565
5 0.810328298346
6 1.02706191565
8 1.49285278646
8 1.49285278646
6 1.02706191565
5 0.810328298346
8 1.49285278646
18 4.28404729427
6 1.02706191565
6 1.02706191565
17 3.97725647726
6 1.02706191565
5 0.810328298346
7 1.25495297376
6 1.02706191565
7 1.25495297376
9 1.73986384044
7 1.25495297376
7 1.25495297376
5 0.810328298346
9 1.73986384044
19 4.59599641483
6 1.02706191565
7 1.25495297376
19 4.59599641483
6 1.02706191565
6 1.02706191565
7 1.25495297376
5 0.810328298346
7 1.25495297376
6 1.02706191565
5 0.810328298346
6 1.02706191565
5 0.810328298346
11 2.25845005502
9 1.73986384044
11 2.25845005502
8 1.49285278646
29 7.96374595075
7 1.25495297376
9 1.73986384044
11 2.25845005502
6 1.02706191565
5 0.810328298346
12 2.52892307921
5 0.810328298346
6 1.02706191565
6 1.02706191565
5 0.810328298346
7 1.25495297376
6 1.02706191565
9 1.73986384044
7 1.25495297376
9 1.73986384044
5 0.810328298346
7 1.25495297376
6 1.02706191565
8 1.49285278646
5 0.810328298346
5 0.810328298346
10 1.99526231497
8 1.49285278646
9 1.73986384044
5 0.810328298346
7 1.25495297376
21 5.23461907193
8 1.49285278646
6 1.02706191565
5 0.810328298346
5 0.810328298346
6 1.02706191565
5 0.810328298346
10 1.99526231497
6 1.02706191565
5 0.810328298346
5 0.810328298346
6 1.02706191565
8 1.49285278646
6 1.02706191565
5 0.810328298346
47 14.9185706497
12 2.52892307921
6 1.02706191565
5 0.810328298346
16 3.67583473599
6 1.02706191565
13 2.80624999775
5 0.810328298346
13 2.80624999775
8 1.49285278646
5 0.810328298346
20 4.91291210446
6 1.02706191565
9 1.73986384044
19 4.59599641483
5 0.810328298346
7 1.25495297376
6 1.02706191565
24 6.22693904151
5 0.810328298346
5 0.810328298346
5 0.810328298346
6 1.02706191565
13 2.80624999775
5 0.810328298346
5 0.810328298346
12 2.52892307921
7 1.25495297376
8 1.49285278646
6 1.02706191565
7 1.25495297376
5 0.810328298346
8 1.49285278646
62 21.384997132
5 0.810328298346
5 0.810328298346
5 0.810328298346
7 1.25495297376
5 0.810328298346
6 1.02706191565
5 0.810328298346
6 1.02706191565
7 1.25495297376
18 4.28404729427
13 2.80624999775
6 1.02706191565
17 3.97725647726
21 5.23461907193
8 1.49285278646
9 1.73986384044
5 0.810328298346
5 0.810328298346
6 1.02706191565
6 1.02706191565
5 0.810328298346
13 2.80624999775
12 2.52892307921
5 0.810328298346
7 1.25495297376
8 1.49285278646
9 1.73986384044
7 1.25495297376
6 1.02706191565
8 1.49285278646
9 1.73986384044
6 1.02706191565
5 0.810328298346
8 1.49285278646
9 1.73986384044
5 0.810328298346
5 0.810328298346
5 0.810328298346
5 0.810328298346
5 0.810328298346
7 1.25495297376
5 0.810328298346
18 4.28404729427
6 1.02706191565
7 1.25495297376
17 3.97725647726
8 1.49285278646
8 1.49285278646
5 0.810328298346
5 0.810328298346
5 0.810328298346
5 0.810328298346
71 25.5056181412
5 0.810328298346
23 5.89177545494
10 1.99526231497
19 4.59599641483
7 1.25495297376
16 3.67583473599
5 0.810328298346
5 0.810328298346
34 9.79315418483
7 1.25495297376
11 2.25845005502
5 0.810328298346
7 1.25495297376
5 0.810328298346
5 0.810328298346
7 1.25495297376
20 4.91291210446
14 3.09005668532
7 1.25495297376
12 2.52892307921
5 0.810328298346
5 0.810328298346
10 1.99526231497
6 1.02706191565
6 1.02706191565
5 0.810328298346
16 3.67583473599
5 0.810328298346
5 0.810328298346
5 0.810328298346
6 1.02706191565
7 1.25495297376
11 2.25845005502
6 1.02706191565
9 1.73986384044
13 2.80624999775
7 1.25495297376
6 1.02706191565
7 1.25495297376
5 0.810328298346
7 1.25495297376
6 1.02706191565
9 1.73986384044
10 1.99526231497
6 1.02706191565
9 1.73986384044
21 5.23461907193
5 0.810328298346
5 0.810328298346
9 1.73986384044
6 1.02706191565
7 1.25495297376
5 0.810328298346
7 1.25495297376
6 1.02706191565
5 0.810328298346
7 1.25495297376
5 0.810328298346
5 0.810328298346
5 0.810328298346
5 0.810328298346
8 1.49285278646
6 1.02706191565
7 1.25495297376
23 5.89177545494
5 0.810328298346
6 1.02706191565
8 1.49285278646
15 3.38001507126
7 1.25495297376
5 0.810328298346
42 12.8891440528
9 1.73986384044
9 1.73986384044
16 3.67583473599
10 1.99526231497
8 1.49285278646
5 0.810328298346
16 3.67583473599
6 1.02706191565
7 1.25495297376
5 0.810328298346
5 0.810328298346
9 1.73986384044
10 1.99526231497
5 0.810328298346
28 7.60861205011
5 0.810328298346
15 3.38001507126
8 1.49285278646
7 1.25495297376
9 1.73986384044
5 0.810328298346
6 1.02706191565
5 0.810328298346
5 0.810328298346
6 1.02706191565
6 1.02706191565
5 0.810328298346
5 0.810328298346
10 1.99526231497
6 1.02706191565
5 0.810328298346
5 0.810328298346
5 0.810328298346
8 1.49285278646
5 0.810328298346
14 3.09005668532
8 1.49285278646
9 1.73986384044
5 0.810328298346
18 4.28404729427
5 0.810328298346
9 1.73986384044
15 3.38001507126
10 1.99526231497
5 0.810328298346
6 1.02706191565
9 1.73986384044
5 0.810328298346
8 1.49285278646
7 1.25495297376
14 3.09005668532
10 1.99526231497
11 2.25845005502
14 3.09005668532
5 0.810328298346
10 1.99526231497
6 1.02706191565
5 0.810328298346
11 2.25845005502
6 1.02706191565
5 0.810328298346
11 2.25845005502
17 3.97725647726
7 1.25495297376
5 0.810328298346
6 1.02706191565
5 0.810328298346
14 3.09005668532
5 0.810328298346
6 1.02706191565
6 1.02706191565
5 0.810328298346
5 0.810328298346
5 0.810328298346
6 1.02706191565
12 2.52892307921
5 0.810328298346
12 2.52892307921
6 1.02706191565
9 1.73986384044
26 6.90979801435
5 0.810328298346
6 1.02706191565
5 0.810328298346
11 2.25845005502
5 0.810328298346
38 11.3166706197
5 0.810328298346
13 2.80624999775
5 0.810328298346
25 6.56631951101
12 2.52892307921
7 1.25495297376
6 1.02706191565
5 0.810328298346
9 1.73986384044
8 1.49285278646
7 1.25495297376
10 1.99526231497
9 1.73986384044
29 7.96374595075
6 1.02706191565
5 0.810328298346
5 0.810328298346
5 0.810328298346
6 1.02706191565
11 2.25845005502
5 0.810328298346
5 0.810328298346
6 1.02706191565
5 0.810328298346
12 2.52892307921
7 1.25495297376
5 0.810328298346
7 1.25495297376
6 1.02706191565
5 0.810328298346
13 2.80624999775
5 0.810328298346
5 0.810328298346
6 1.02706191565
6 1.02706191565
5 0.810328298346
11 2.25845005502
15 3.38001507126
11 2.25845005502
7 1.25495297376
6 1.02706191565
6 1.02706191565
7 1.25495297376
17 3.97725647726
7 1.25495297376
10 1.99526231497
20 4.91291210446
14 3.09005668532
5 0.810328298346
7 1.25495297376
10 1.99526231497
6 1.02706191565
7 1.25495297376
17 3.97725647726
5 0.810328298346
26 6.90979801435
6 1.02706191565
17 3.97725647726
9 1.73986384044
7 1.25495297376
5 0.810328298346
7 1.25495297376
5 0.810328298346
10 1.99526231497
10 1.99526231497
6 1.02706191565
6 1.02706191565
5 0.810328298346
6 1.02706191565
8 1.49285278646
5 0.810328298346
5 0.810328298346
6 1.02706191565
5 0.810328298346
15 3.38001507126
5 0.810328298346
6 1.02706191565
5 0.810328298346
9 1.73986384044
10 1.99526231497
13 2.80624999775
11 2.25845005502
7 1.25495297376
19 4.59599641483
9 1.73986384044
8 1.49285278646
19 4.59599641483
8 1.49285278646
8 1.49285278646
12 2.52892307921
6 1.02706191565
11 2.25845005502
5 0.810328298346
6 1.02706191565
13 2.80624999775
6 1.02706191565
6 1.02706191565
11 2.25845005502
6 1.02706191565
8 1.49285278646
12 2.52892307921
6 1.02706191565
6 1.02706191565
12 2.52892307921
13 2.80624999775
5 0.810328298346
10 1.99526231497
5 0.810328298346
8 1.49285278646
6 1.02706191565
6 1.02706191565
8 1.49285278646
6 1.02706191565
11 2.25845005502
11 2.25845005502
65 22.7398378541
10 1.99526231497
7 1.25495297376
7 1.25495297376
6 1.02706191565
9 1.73986384044
21 5.23461907193
6 1.02706191565
8 1.49285278646
6 1.02706191565
8 1.49285278646
43 13.2895107334
6 1.02706191565
5 0.810328298346
5 0.810328298346
5 0.810328298346
5 0.810328298346
35 10.1692390774
7 1.25495297376
6 1.02706191565
12 2.52892307921
5 0.810328298346
6 1.02706191565
5 0.810328298346
5 0.810328298346
5 0.810328298346
5 0.810328298346
7 1.25495297376
8 1.49285278646
12 2.52892307921
7 1.25495297376
5 0.810328298346
21 5.23461907193
5 0.810328298346
6 1.02706191565
5 0.810328298346
5 0.810328298346
5 0.810328298346
5 0.810328298346
50 16.1681751644
6 1.02706191565
10 1.99526231497
23 5.89177545494
6 1.02706191565
5 0.810328298346
25 6.56631951101
11 2.25845005502
42 12.8891440528
12 2.52892307921
20 4.91291210446
8 1.49285278646
6 1.02706191565
5 0.810328298346
6 1.02706191565
6 1.02706191565
6 1.02706191565
5 0.810328298346
6 1.02706191565
13 2.80624999775
5 0.810328298346
8 1.49285278646
7 1.25495297376
6 1.02706191565
6 1.02706191565
9 1.73986384044
5 0.810328298346
22 5.56095633612
8 1.49285278646
6 1.02706191565
18 4.28404729427
5 0.810328298346
6 1.02706191565
6 1.02706191565
5 0.810328298346
7 1.25495297376
7 1.25495297376
8 1.49285278646
9 1.73986384044
15 3.38001507126
6 1.02706191565
9 1.73986384044
6 1.02706191565
5 0.810328298346
7 1.25495297376
5 0.810328298346
7 1.25495297376
7 1.25495297376
6 1.02706191565
7 1.25495297376
5 0.810328298346
6 1.02706191565
5 0.810328298346
9 1.73986384044
15 3.38001507126
6 1.02706191565
23 5.89177545494
5 0.810328298346
6 1.02706191565
5 0.810328298346
5 0.810328298346
7 1.25495297376
11 2.25845005502
5 0.810328298346
5 0.810328298346
14 3.09005668532
9 1.73986384044
5 0.810328298346
6 1.02706191565
5 0.810328298346
5 0.810328298346
6 1.02706191565
6 1.02706191565
23 5.89177545494
5 0.810328298346
5 0.810328298346
5 0.810328298346
9 1.73986384044
11 2.25845005502
10 1.99526231497
8 1.49285278646
12 2.52892307921
6 1.02706191565
13 2.80624999775
5 0.810328298346
5 0.810328298346
6 1.02706191565
7 1.25495297376
5 0.810328298346
5 0.810328298346
7 1.25495297376
5 0.810328298346
8 1.49285278646
5 0.810328298346
8 1.49285278646
6 1.02706191565
5 0.810328298346
7 1.25495297376
6 1.02706191565
5 0.810328298346
9 1.73986384044
5 0.810328298346
8 1.49285278646
8 1.49285278646
18 4.28404729427
5 0.810328298346
10 1.99526231497
12 2.52892307921
11 2.25845005502
6 1.02706191565
6 1.02706191565
10 1.99526231497
6 1.02706191565
6 1.02706191565
8 1.49285278646
5 0.810328298346
7 1.25495297376
13 2.80624999775
6 1.02706191565
5 0.810328298346
14 3.09005668532
7 1.25495297376
14 3.09005668532
5 0.810328298346
5 0.810328298346
9 1.73986384044
16 3.67583473599
8 1.49285278646
5 0.810328298346
10 1.99526231497
8 1.49285278646
7 1.25495297376
8 1.49285278646
5 0.810328298346
6 1.02706191565
5 0.810328298346
7 1.25495297376
7 1.25495297376
8 1.49285278646
6 1.02706191565
6 1.02706191565
19 4.59599641483
5 0.810328298346
5 0.810328298346
5 0.810328298346
6 1.02706191565
9 1.73986384044
22 5.56095633612
8 1.49285278646
5 0.810328298346
73 26.4435475742
5 0.810328298346
6 1.02706191565
8 1.49285278646
7 1.25495297376
8 1.49285278646
8 1.49285278646
5 0.810328298346
11 2.25845005502
5 0.810328298346
6 1.02706191565
5 0.810328298346
44 13.6926806521
6 1.02706191565
12 2.52892307921
7 1.25495297376
5 0.810328298346
6 1.02706191565
6 1.02706191565
13 2.80624999775
11 2.25845005502
24 6.22693904151
7 1.25495297376
8 1.49285278646
7 1.25495297376
5 0.810328298346
5 0.810328298346
6 1.02706191565
7 1.25495297376
22 5.56095633612
6 1.02706191565
13 2.80624999775
5 0.810328298346
9 1.73986384044
5 0.810328298346
11 2.25845005502
5 0.810328298346
8 1.49285278646
7 1.25495297376
7 1.25495297376
5 0.810328298346
6 1.02706191565
7 1.25495297376
5 0.810328298346
6 1.02706191565
6 1.02706191565
13 2.80624999775
6 1.02706191565
7 1.25495297376
9 1.73986384044
5 0.810328298346
5 0.810328298346
5 0.810328298346
10 1.99526231497
16 3.67583473599
11 2.25845005502
8 1.49285278646
24 6.22693904151
5 0.810328298346
5 0.810328298346
6 1.02706191565
5 0.810328298346
7 1.25495297376
7 1.25495297376
13 2.80624999775
6 1.02706191565
6 1.02706191565
5 0.810328298346
8 1.49285278646
5 0.810328298346
6 1.02706191565
6 1.02706191565
8 1.49285278646
24 6.22693904151
9 1.73986384044
10 1.99526231497
10 1.99526231497
10 1.99526231497
6 1.02706191565
6 1.02706191565
6 1.02706191565
11 2.25845005502
5 0.810328298346
5 0.810328298346
10 1.99526231497
5 0.810328298346
8 1.49285278646
7 1.25495297376
8 1.49285278646
7 1.25495297376
8 1.49285278646
6 1.02706191565
17 3.97725647726
10 1.99526231497
7 1.25495297376
11 2.25845005502
8 1.49285278646
8 1.49285278646
7 1.25495297376
6 1.02706191565
8 1.49285278646
6 1.02706191565
5 0.810328298346
5 0.810328298346
5 0.810328298346
5 0.810328298346
5 0.810328298346
6 1.02706191565
11 2.25845005502
19 4.59599641483
11 2.25845005502
10 1.99526231497
5 0.810328298346
5 0.810328298346
8 1.49285278646
5 0.810328298346
8 1.49285278646
18 4.28404729427
6 1.02706191565
5 0.810328298346
12 2.52892307921
20 4.91291210446
7 1.25495297376
10 1.99526231497
7 1.25495297376
13 2.80624999775
12 2.52892307921
14 3.09005668532
5 0.810328298346
5 0.810328298346
5 0.810328298346
7 1.25495297376
18 4.28404729427
5 0.810328298346
7 1.25495297376
9 1.73986384044
11 2.25845005502
7 1.25495297376
6 1.02706191565
6 1.02706191565
19 4.59599641483
6 1.02706191565
15 3.38001507126
6 1.02706191565
7 1.25495297376
5 0.810328298346
6 1.02706191565
20 4.91291210446
6 1.02706191565
44 13.6926806521
7 1.25495297376
5 0.810328298346
14 3.09005668532
6 1.02706191565
12 2.52892307921
7 1.25495297376
8 1.49285278646
5 0.810328298346
6 1.02706191565
5 0.810328298346
8 1.49285278646
8 1.49285278646
16 3.67583473599
6 1.02706191565
5 0.810328298346
5 0.810328298346
5 0.810328298346
7 1.25495297376
5 0.810328298346
11 2.25845005502
6 1.02706191565
6 1.02706191565
6 1.02706191565
12 2.52892307921
12 2.52892307921
6 1.02706191565
31 8.68500758326
8 1.49285278646
10 1.99526231497
5 0.810328298346
5 0.810328298346
20 4.91291210446
14 3.09005668532
5 0.810328298346
6 1.02706191565
422 258.765388494
18 4.28404729427
6 1.02706191565
5 0.810328298346
5 0.810328298346
8 1.49285278646
10 1.99526231497
5 0.810328298346
8 1.49285278646
8 1.49285278646
7 1.25495297376
27 7.25726352471
5 0.810328298346
12 2.52892307921
8 1.49285278646
47 14.9185706497
5 0.810328298346
7 1.25495297376
7 1.25495297376
5 0.810328298346
6 1.02706191565
6 1.02706191565
11 2.25845005502
5 0.810328298346
8 1.49285278646
8 1.49285278646
5 0.810328298346
8 1.49285278646
9 1.73986384044
10 1.99526231497
9 1.73986384044
5 0.810328298346
5 0.810328298346
6 1.02706191565
7 1.25495297376
5 0.810328298346
7 1.25495297376
5 0.810328298346
21 5.23461907193
11 2.25845005502
5 0.810328298346
6 1.02706191565
8 1.49285278646
6 1.02706191565
7 1.25495297376
5 0.810328298346
6 1.02706191565
5 0.810328298346
13 2.80624999775
7 1.25495297376
5 0.810328298346
13 2.80624999775
6 1.02706191565
7 1.25495297376
5 0.810328298346
6 1.02706191565
5 0.810328298346
6 1.02706191565
6 1.02706191565
11 2.25845005502
25 6.56631951101
15 3.38001507126
5 0.810328298346
5 0.810328298346
5 0.810328298346
5 0.810328298346
8 1.49285278646
27 7.25726352471
5 0.810328298346
5 0.810328298346
6 1.02706191565
13 2.80624999775
6 1.02706191565
5 0.810328298346
8 1.49285278646
5 0.810328298346
6 1.02706191565
5 0.810328298346
5 0.810328298346
5 0.810328298346
6 1.02706191565
7 1.25495297376
6 1.02706191565
17 3.97725647726
35 10.1692390774
5 0.810328298346
26 6.90979801435
32 9.05096679919
7 1.25495297376
5 0.810328298346
6 1.02706191565
11 2.25845005502
12 2.52892307921
8 1.49285278646
6 1.02706191565
5 0.810328298346
5 0.810328298346
7 1.25495297376
9 1.73986384044
5 0.810328298346
8 1.49285278646
5 0.810328298346
5 0.810328298346
15 3.38001507126
6 1.02706191565
5 0.810328298346
9 1.73986384044
11 2.25845005502
9 1.73986384044
6 1.02706191565
7 1.25495297376
8 1.49285278646
17 3.97725647726
5 0.810328298346
5 0.810328298346
12 2.52892307921
7 1.25495297376
8 1.49285278646
11 2.25845005502
5 0.810328298346
10 1.99526231497
5 0.810328298346
7 1.25495297376
5 0.810328298346
5 0.810328298346
6 1.02706191565
5 0.810328298346
11 2.25845005502
8 1.49285278646
7 1.25495297376
17 3.97725647726
8 1.49285278646
6 1.02706191565
41 12.4916271731
7 1.25495297376
7 1.25495297376
6 1.02706191565
8 1.49285278646
9 1.73986384044
22 5.56095633612
6 1.02706191565
12 2.52892307921
5 0.810328298346
8 1.49285278646
7 1.25495297376
6 1.02706191565
5 0.810328298346
8 1.49285278646
6 1.02706191565
5 0.810328298346
8 1.49285278646
15 3.38001507126
8 1.49285278646
5 0.810328298346
6 1.02706191565
6 1.02706191565
6 1.02706191565
17 3.97725647726
25 6.56631951101
52 17.0139184454
13 2.80624999775
5 0.810328298346
6 1.02706191565
8 1.49285278646
5 0.810328298346
9 1.73986384044
16 3.67583473599
7 1.25495297376
5 0.810328298346
11 2.25845005502
5 0.810328298346
5 0.810328298346
5 0.810328298346
5 0.810328298346
6 1.02706191565
5 0.810328298346
5 0.810328298346
5 0.810328298346
5 0.810328298346
5 0.810328298346
7 1.25495297376
6 1.02706191565
29 7.96374595075
6 1.02706191565
6 1.02706191565
5 0.810328298346
6 1.02706191565
6 1.02706191565
8 1.49285278646
11 2.25845005502
6 1.02706191565
5 0.810328298346
6 1.02706191565
5 0.810328298346
7 1.25495297376
7 1.25495297376
5 0.810328298346
5 0.810328298346
9 1.73986384044
5 0.810328298346
8 1.49285278646
7 1.25495297376
5 0.810328298346
8 1.49285278646
9 1.73986384044
5 0.810328298346
6 1.02706191565
7 1.25495297376
6 1.02706191565
13 2.80624999775
32 9.05096679919
7 1.25495297376
9 1.73986384044
5 0.810328298346
7 1.25495297376
8 1.49285278646
6 1.02706191565
6 1.02706191565
21 5.23461907193
13 2.80624999775
5 0.810328298346
5 0.810328298346
5 0.810328298346
8 1.49285278646
20 4.91291210446
9 1.73986384044
5 0.810328298346
5 0.810328298346
5 0.810328298346
5 0.810328298346
5 0.810328298346
5 0.810328298346
5 0.810328298346
19 4.59599641483
6 1.02706191565
7 1.25495297376
23 5.89177545494
135 58.8076600263
6 1.02706191565
5 0.810328298346
19 4.59599641483
8 1.49285278646
8 1.49285278646
13 2.80624999775
31 8.68500758326
5 0.810328298346
5 0.810328298346
8 1.49285278646
7 1.25495297376
6 1.02706191565
8 1.49285278646
7 1.25495297376
6 1.02706191565
16 3.67583473599
6 1.02706191565
10 1.99526231497
6 1.02706191565
29 7.96374595075
5 0.810328298346
5 0.810328298346
5 0.810328298346
15 3.38001507126
5 0.810328298346
12 2.52892307921
13 2.80624999775
7 1.25495297376
17 3.97725647726
5 0.810328298346
7 1.25495297376
7 1.25495297376
8 1.49285278646
12 2.52892307921
7 1.25495297376
10 1.99526231497
6 1.02706191565
7 1.25495297376
5 0.810328298346
6 1.02706191565
6 1.02706191565
5 0.810328298346
6 1.02706191565
5 0.810328298346
5 0.810328298346
6 1.02706191565
6 1.02706191565
10 1.99526231497
17 3.97725647726
5 0.810328298346
7 1.25495297376
10 1.99526231497
25 6.56631951101
16 3.67583473599
5 0.810328298346
7 1.25495297376
5 0.810328298346
12 2.52892307921
12 2.52892307921
6 1.02706191565
6 1.02706191565
6 1.02706191565
5 0.810328298346
7 1.25495297376
10 1.99526231497
5 0.810328298346
28 7.60861205011
5 0.810328298346
5 0.810328298346
13 2.80624999775
8 1.49285278646
5 0.810328298346
6 1.02706191565
5 0.810328298346
6 1.02706191565
6 1.02706191565
30 8.32257334402
6 1.02706191565
5 0.810328298346
5 0.810328298346
6 1.02706191565
18 4.28404729427
8 1.49285278646
5 0.810328298346
5 0.810328298346
10 1.99526231497
17 3.97725647726
33 9.42037349462
12 2.52892307921
6 1.02706191565
7 1.25495297376
6 1.02706191565
8 1.49285278646
5 0.810328298346
5 0.810328298346
24 6.22693904151
7 1.25495297376
5 0.810328298346
7 1.25495297376
5 0.810328298346
9 1.73986384044
6 1.02706191565
6 1.02706191565
7 1.25495297376
6 1.02706191565
6 1.02706191565
27 7.25726352471
6 1.02706191565
19 4.59599641483
27 7.25726352471
7 1.25495297376
5 0.810328298346
5 0.810328298346
13 2.80624999775
5 0.810328298346
6 1.02706191565
5 0.810328298346
15 3.38001507126
9 1.73986384044
9 1.73986384044
5 0.810328298346
31 8.68500758326
30 8.32257334402
5 0.810328298346
34 9.79315418483
8 1.49285278646
18 4.28404729427
5 0.810328298346
5 0.810328298346
10 1.99526231497
10 1.99526231497
5 0.810328298346
6 1.02706191565
71 25.5056181412
8 1.49285278646
5 0.810328298346
6 1.02706191565
5 0.810328298346
8 1.49285278646
9 1.73986384044
8 1.49285278646
5 0.810328298346
5 0.810328298346
5 0.810328298346
5 0.810328298346
6 1.02706191565
8 1.49285278646
12 2.52892307921
6 1.02706191565
9 1.73986384044
5 0.810328298346
6 1.02706191565
13 2.80624999775
5 0.810328298346
8 1.49285278646
6 1.02706191565
7 1.25495297376
14 3.09005668532
5 0.810328298346
9 1.73986384044
8 1.49285278646
10 1.99526231497
8 1.49285278646
5 0.810328298346
33 9.42037349462
9 1.73986384044
5 0.810328298346
6 1.02706191565
19 4.59599641483
7 1.25495297376
5 0.810328298346
5 0.810328298346
5 0.810328298346
7 1.25495297376
6 1.02706191565
5 0.810328298346
5 0.810328298346
5 0.810328298346
37 10.9310590727
16 3.67583473599
10 1.99526231497
7 1.25495297376
5 0.810328298346
6 1.02706191565
21 5.23461907193
5 0.810328298346
5 0.810328298346
7 1.25495297376
7 1.25495297376
26 6.90979801435
5 0.810328298346
5 0.810328298346
9 1.73986384044
5 0.810328298346
5 0.810328298346
8 1.49285278646
10 1.99526231497
93 36.2266214636
5 0.810328298346
7 1.25495297376
8 1.49285278646
8 1.49285278646
8 1.49285278646
16 3.67583473599
8 1.49285278646
15 3.38001507126
17 3.97725647726
5 0.810328298346
7 1.25495297376
8 1.49285278646
29 7.96374595075
6 1.02706191565
9 1.73986384044
5 0.810328298346
6 1.02706191565
8 1.49285278646
10 1.99526231497
5 0.810328298346
22 5.56095633612
10 1.99526231497
8 1.49285278646
5 0.810328298346
10 1.99526231497
5 0.810328298346
7 1.25495297376
9 1.73986384044
5 0.810328298346
6 1.02706191565
11 2.25845005502
6 1.02706191565
8 1.49285278646
5 0.810328298346
5 0.810328298346
11 2.25845005502
5 0.810328298346
6 1.02706191565
5 0.810328298346
5 0.810328298346
9 1.73986384044
6 1.02706191565
9 1.73986384044
5 0.810328298346
7 1.25495297376
9 1.73986384044
45 14.0986090518
21 5.23461907193
9 1.73986384044
12 2.52892307921
5 0.810328298346
6 1.02706191565
14 3.09005668532
6 1.02706191565
5 0.810328298346
110 45.0620028503
10 1.99526231497
5 0.810328298346
6 1.02706191565
8 1.49285278646
5 0.810328298346
246 128.296745339
6 1.02706191565
9 1.73986384044
5 0.810328298346
10 1.99526231497
8 1.49285278646
5 0.810328298346
5 0.810328298346
6 1.02706191565
5 0.810328298346
8 1.49285278646
8 1.49285278646
6 1.02706191565
16 3.67583473599
6 1.02706191565
7 1.25495297376
6 1.02706191565
5 0.810328298346
9 1.73986384044
6 1.02706191565
7 1.25495297376
7 1.25495297376
5 0.810328298346
5 0.810328298346
12 2.52892307921
7 1.25495297376
6 1.02706191565
5 0.810328298346
5 0.810328298346
5 0.810328298346
5 0.810328298346
5 0.810328298346
11 2.25845005502
12 2.52892307921
5 0.810328298346
5 0.810328298346
6 1.02706191565
5 0.810328298346
6 1.02706191565
8 1.49285278646
7 1.25495297376
8 1.49285278646
8 1.49285278646
5 0.810328298346
6 1.02706191565
16 3.67583473599
10 1.99526231497
6 1.02706191565
5 0.810328298346
7 1.25495297376
5 0.810328298346
16 3.67583473599
5 0.810328298346
16 3.67583473599
11 2.25845005502
7 1.25495297376
6 1.02706191565
18 4.28404729427
13 2.80624999775
7 1.25495297376
16 3.67583473599
120 50.4586491741
5 0.810328298346
6 1.02706191565
6 1.02706191565
6 1.02706191565
5 0.810328298346
7 1.25495297376
9 1.73986384044
11 2.25845005502
5 0.810328298346
5 0.810328298346
7 1.25495297376
6 1.02706191565
17 3.97725647726
7 1.25495297376
27 7.25726352471
7 1.25495297376
6 1.02706191565
6 1.02706191565
20 4.91291210446
8 1.49285278646
5 0.810328298346
27 7.25726352471
6 1.02706191565
57 19.170670926
6 1.02706191565
6 1.02706191565
15 3.38001507126
6 1.02706191565
7 1.25495297376
5 0.810328298346
12 2.52892307921
5 0.810328298346
6 1.02706191565
7 1.25495297376
6 1.02706191565
5 0.810328298346
5 0.810328298346
6 1.02706191565
5 0.810328298346
5 0.810328298346
9 1.73986384044
5 0.810328298346
6 1.02706191565
7 1.25495297376
5 0.810328298346
6 1.02706191565
8 1.49285278646
7 1.25495297376
12 2.52892307921
6 1.02706191565
5 0.810328298346
8 1.49285278646
5 0.810328298346
5 0.810328298346
5 0.810328298346
6 1.02706191565
6 1.02706191565
6 1.02706191565
5 0.810328298346
22 5.56095633612
8 1.49285278646
5 0.810328298346
5 0.810328298346
9 1.73986384044
6 1.02706191565
7 1.25495297376
9 1.73986384044
10 1.99526231497
9 1.73986384044
18 4.28404729427
7 1.25495297376
7 1.25495297376
5 0.810328298346
6 1.02706191565
7 1.25495297376
8 1.49285278646
5 0.810328298346
5 0.810328298346
5 0.810328298346
5 0.810328298346
5 0.810328298346
5 0.810328298346
5 0.810328298346
6 1.02706191565
5 0.810328298346
6 1.02706191565
7 1.25495297376
10 1.99526231497
53 17.4404879108
7 1.25495297376
12 2.52892307921
10 1.99526231497
26 6.90979801435
8 1.49285278646
9 1.73986384044
7 1.25495297376
9 1.73986384044
5 0.810328298346
8 1.49285278646
12 2.52892307921
5 0.810328298346
20 4.91291210446
12 2.52892307921
23 5.89177545494
10 1.99526231497
10 1.99526231497
5 0.810328298346
21 5.23461907193
121 51.0059665104
13 2.80624999775
7 1.25495297376
22 5.56095633612
6 1.02706191565
5 0.810328298346
6 1.02706191565
5 0.810328298346
6 1.02706191565
5 0.810328298346
5 0.810328298346
7 1.25495297376
11 2.25845005502
28 7.60861205011
12 2.52892307921
5 0.810328298346
5 0.810328298346
9 1.73986384044
6 1.02706191565
7 1.25495297376
10 1.99526231497
9 1.73986384044
22 5.56095633612
17 3.97725647726
36 10.5485617857
5 0.810328298346
9 1.73986384044
5 0.810328298346
6 1.02706191565
15 3.38001507126
5 0.810328298346
7 1.25495297376
5 0.810328298346
40 12.0970085813
9 1.73986384044
7 1.25495297376
7 1.25495297376
5 0.810328298346
6 1.02706191565
6 1.02706191565
5 0.810328298346
5 0.810328298346
5 0.810328298346
18 4.28404729427
10 1.99526231497
6 1.02706191565
5 0.810328298346
5 0.810328298346
49 15.7490696636
6 1.02706191565
6 1.02706191565
12 2.52892307921
11 2.25845005502
6 1.02706191565
7 1.25495297376
8 1.49285278646
5 0.810328298346
5 0.810328298346
6 1.02706191565
5 0.810328298346
6 1.02706191565
19 4.59599641483
6 1.02706191565
5 0.810328298346
11 2.25845005502
6 1.02706191565
9 1.73986384044
6 1.02706191565
6 1.02706191565
5 0.810328298346
15 3.38001507126
6 1.02706191565
5 0.810328298346
10 1.99526231497
5 0.810328298346
5 0.810328298346
5 0.810328298346
13 2.80624999775
5 0.810328298346
22 5.56095633612
5 0.810328298346
5 0.810328298346
8 1.49285278646
5 0.810328298346
6 1.02706191565
5 0.810328298346
16 3.67583473599
5 0.810328298346
28 7.60861205011
23 5.89177545494
12 2.52892307921
12 2.52892307921
9 1.73986384044
6 1.02706191565
7 1.25495297376
8 1.49285278646
11 2.25845005502
13 2.80624999775
5 0.810328298346
48 15.3325224264
6 1.02706191565
5 0.810328298346
7 1.25495297376
6 1.02706191565
5 0.810328298346
10 1.99526231497
8 1.49285278646
5 0.810328298346
25 6.56631951101
7 1.25495297376
5 0.810328298346
8 1.49285278646
5 0.810328298346
5 0.810328298346
13 2.80624999775
5 0.810328298346
5 0.810328298346
8 1.49285278646
9 1.73986384044
6 1.02706191565
6 1.02706191565
6 1.02706191565
5 0.810328298346
6 1.02706191565
8 1.49285278646
8 1.49285278646
6 1.02706191565
22 5.56095633612
10 1.99526231497
8 1.49285278646
6 1.02706191565
10 1.99526231497
6 1.02706191565
5 0.810328298346
8 1.49285278646
10 1.99526231497
5 0.810328298346
5 0.810328298346
6 1.02706191565
11 2.25845005502
5 0.810328298346
16 3.67583473599
8 1.49285278646
5 0.810328298346
5 0.810328298346
6 1.02706191565
5 0.810328298346
5 0.810328298346
5 0.810328298346
16 3.67583473599
6 1.02706191565
7 1.25495297376
5 0.810328298346
6 1.02706191565
5 0.810328298346
5 0.810328298346
9 1.73986384044
12 2.52892307921
6 1.02706191565
5 0.810328298346
6 1.02706191565
10 1.99526231497
6 1.02706191565
5 0.810328298346
5 0.810328298346
5 0.810328298346
5 0.810328298346
5 0.810328298346
9 1.73986384044
5 0.810328298346
5 0.810328298346
5 0.810328298346
6 1.02706191565
5 0.810328298346
5 0.810328298346
13 2.80624999775
9 1.73986384044
8 1.49285278646
6 1.02706191565
5 0.810328298346
7 1.25495297376
7 1.25495297376
10 1.99526231497
6 1.02706191565
9 1.73986384044
11 2.25845005502
5 0.810328298346
5 0.810328298346
7 1.25495297376
8 1.49285278646
9 1.73986384044
5 0.810328298346
5 0.810328298346
5 0.810328298346
6 1.02706191565
6 1.02706191565
7 1.25495297376
7 1.25495297376
15 3.38001507126
5 0.810328298346
5 0.810328298346
55 18.3008598999
5 0.810328298346
6 1.02706191565
12 2.52892307921
16 3.67583473599
6 1.02706191565
5 0.810328298346
10 1.99526231497
8 1.49285278646
17 3.97725647726
51 16.5898030006
5 0.810328298346
7 1.25495297376
5 0.810328298346
5 0.810328298346
7 1.25495297376
5 0.810328298346
8 1.49285278646
9 1.73986384044
6 1.02706191565
8 1.49285278646
5 0.810328298346
6 1.02706191565
5 0.810328298346
7 1.25495297376
5 0.810328298346
13 2.80624999775
6 1.02706191565
5 0.810328298346
5 0.810328298346
19 4.59599641483
27 7.25726352471
5 0.810328298346
5 0.810328298346
5 0.810328298346
8 1.49285278646
7 1.25495297376
6 1.02706191565
9 1.73986384044
6 1.02706191565
23 5.89177545494
6 1.02706191565
5 0.810328298346
7 1.25495297376
5 0.810328298346
5 0.810328298346
6 1.02706191565
6 1.02706191565
5 0.810328298346
13 2.80624999775
5 0.810328298346
11 2.25845005502
7 1.25495297376
6 1.02706191565
7 1.25495297376
14 3.09005668532
16 3.67583473599
44 13.6926806521
6 1.02706191565
5 0.810328298346
5 0.810328298346
5 0.810328298346
6 1.02706191565
8 1.49285278646
18 4.28404729427
5 0.810328298346
5 0.810328298346
5 0.810328298346
9 1.73986384044
12 2.52892307921
6 1.02706191565
9 1.73986384044
6 1.02706191565
54 17.8694788892
21 5.23461907193
8 1.49285278646
7 1.25495297376
7 1.25495297376
10 1.99526231497
7 1.25495297376
6 1.02706191565
12 2.52892307921
5 0.810328298346
7 1.25495297376
9 1.73986384044
13 2.80624999775
6 1.02706191565
7 1.25495297376
17 3.97725647726
23 5.89177545494
5 0.810328298346
5 0.810328298346
6 1.02706191565
54 17.8694788892
6 1.02706191565
20 4.91291210446
10 1.99526231497
5 0.810328298346
5 0.810328298346
8 1.49285278646
5 0.810328298346
6 1.02706191565
9 1.73986384044
7 1.25495297376
7 1.25495297376
11 2.25845005502
5 0.810328298346
6 1.02706191565
7 1.25495297376
6 1.02706191565
5 0.810328298346
8 1.49285278646
9 1.73986384044
21 5.23461907193
12 2.52892307921
6 1.02706191565
5 0.810328298346
7 1.25495297376
5 0.810328298346
7 1.25495297376
6 1.02706191565
6 1.02706191565
8 1.49285278646
6 1.02706191565
13 2.80624999775
6 1.02706191565
5 0.810328298346
5 0.810328298346
16 3.67583473599
8 1.49285278646
5 0.810328298346
5 0.810328298346
9 1.73986384044
6 1.02706191565
16 3.67583473599
16 3.67583473599
10 1.99526231497
5 0.810328298346
5 0.810328298346
12 2.52892307921
7 1.25495297376
5 0.810328298346
9 1.73986384044
5 0.810328298346
6 1.02706191565
26 6.90979801435
7 1.25495297376
7 1.25495297376
7 1.25495297376
5 0.810328298346
5 0.810328298346
8 1.49285278646
5 0.810328298346
10 1.99526231497
8 1.49285278646
7 1.25495297376
6 1.02706191565
7 1.25495297376
5 0.810328298346
10 1.99526231497
5 0.810328298346
5 0.810328298346
6 1.02706191565
8 1.49285278646
9 1.73986384044
42 12.8891440528
13 2.80624999775
8 1.49285278646
6 1.02706191565
5 0.810328298346
14 3.09005668532
6 1.02706191565
5 0.810328298346
9 1.73986384044
5 0.810328298346
5 0.810328298346
7 1.25495297376
9 1.73986384044
7 1.25495297376
9 1.73986384044
8 1.49285278646
5 0.810328298346
5 0.810328298346
5 0.810328298346
16 3.67583473599
10 1.99526231497
17 3.97725647726
11 2.25845005502
15 3.38001507126
7 1.25495297376
5 0.810328298346
5 0.810328298346
5 0.810328298346
10 1.99526231497
6 1.02706191565
5 0.810328298346
5 0.810328298346
5 0.810328298346
5 0.810328298346
6 1.02706191565
5 0.810328298346
9 1.73986384044
8 1.49285278646
12 2.52892307921
9 1.73986384044
6 1.02706191565
11 2.25845005502
8 1.49285278646
6 1.02706191565
10 1.99526231497
9 1.73986384044
6 1.02706191565
6 1.02706191565
7 1.25495297376
7 1.25495297376
6 1.02706191565
8 1.49285278646
7 1.25495297376
5 0.810328298346
10 1.99526231497
10 1.99526231497
9 1.73986384044
9 1.73986384044
10 1.99526231497
8 1.49285278646
14 3.09005668532
5 0.810328298346
5 0.810328298346
17 3.97725647726
47 14.9185706497
5 0.810328298346
65 22.7398378541
8 1.49285278646
6 1.02706191565
6 1.02706191565
6 1.02706191565
12 2.52892307921
9 1.73986384044
10 1.99526231497
5 0.810328298346
7 1.25495297376
7 1.25495297376
5 0.810328298346
5 0.810328298346
19 4.59599641483
5 0.810328298346
10 1.99526231497
6 1.02706191565
8 1.49285278646
7 1.25495297376
10 1.99526231497
5 0.810328298346
7 1.25495297376
9 1.73986384044
9 1.73986384044
12 2.52892307921
6 1.02706191565
9 1.73986384044
15 3.38001507126
10 1.99526231497
29 7.96374595075
38 11.3166706197
6 1.02706191565
11 2.25845005502
9 1.73986384044
13 2.80624999775
11 2.25845005502
9 1.73986384044
5 0.810328298346
5 0.810328298346
5 0.810328298346
18 4.28404729427
5 0.810328298346
6 1.02706191565
13 2.80624999775
11 2.25845005502
6 1.02706191565
5 0.810328298346
6 1.02706191565
6 1.02706191565
5 0.810328298346
7 1.25495297376
6 1.02706191565
10 1.99526231497
5 0.810328298346
11 2.25845005502
5 0.810328298346
6 1.02706191565
6 1.02706191565
7 1.25495297376
8 1.49285278646
7 1.25495297376
6 1.02706191565
7 1.25495297376
6 1.02706191565
5 0.810328298346
5 0.810328298346
5 0.810328298346
6 1.02706191565
5 0.810328298346
7 1.25495297376
6 1.02706191565
11 2.25845005502
13 2.80624999775
5 0.810328298346
5 0.810328298346
10 1.99526231497
13 2.80624999775
10 1.99526231497
8 1.49285278646
17 3.97725647726
10 1.99526231497
7 1.25495297376
6 1.02706191565
5 0.810328298346
5 0.810328298346
7 1.25495297376
5 0.810328298346
12 2.52892307921
16 3.67583473599
12 2.52892307921
9 1.73986384044
7 1.25495297376
13 2.80624999775
5 0.810328298346
5 0.810328298346
6 1.02706191565
5 0.810328298346
7 1.25495297376
6 1.02706191565
12 2.52892307921
5 0.810328298346
7 1.25495297376
13 2.80624999775
9 1.73986384044
6 1.02706191565
6 1.02706191565
6 1.02706191565
5 0.810328298346
5 0.810328298346
11 2.25845005502
5 0.810328298346
5 0.810328298346
20 4.91291210446
6 1.02706191565
5 0.810328298346
7 1.25495297376
23 5.89177545494
7 1.25495297376
13 2.80624999775
5 0.810328298346
9 1.73986384044
38 11.3166706197
5 0.810328298346
6 1.02706191565
18 4.28404729427
5 0.810328298346
7 1.25495297376
5 0.810328298346
5 0.810328298346
15 3.38001507126
5 0.810328298346
5 0.810328298346
10 1.99526231497
5 0.810328298346
10 1.99526231497
6 1.02706191565
28 7.60861205011
10 1.99526231497
7 1.25495297376
5 0.810328298346
5 0.810328298346
6 1.02706191565
6 1.02706191565
7 1.25495297376
8 1.49285278646
5 0.810328298346
12 2.52892307921
5 0.810328298346
6 1.02706191565
12 2.52892307921
131 56.5526140618
5 0.810328298346
6 1.02706191565
7 1.25495297376
9 1.73986384044
31 8.68500758326
13 2.80624999775
37 10.9310590727
20 4.91291210446
5 0.810328298346
5 0.810328298346
6 1.02706191565
7 1.25495297376
